606474
-719773
-750634
760995
-387065
83398
-157304
315297
588681
754497
748211
-637088
-230050
-897123
-448917
504973
-678837
-923551
-257134
-633321
742234
587322
-243126
820452
-910423
852733
-291384
572070
-746459
-413475
316927
-770176
518158
411926
-992640
482710
39519
-106903
-118085
-859628
884690
-592427
-748059
682335
302673
-57445
289205
-91697
-958129
435547
-665259
-844304
-320420
412525
-71832
-578002
400581
626570
303006
-156321
928174
366656
-401752
-434222
341509
430992
180729
240245
-112063
915935
871545
719003
411127
-52806
35014
-733829
-117633
-667816
204505
321438
-568477
780415
-838369
1574
91692
-131681
928940
-869259
236320
513978
300125
-535844
773210
-80300
-867597
895184
864472
-684394
450618
-19574
-421568
695277
-732793
-980922
-170121
-999259
-155353
243920
559629
-146214
614374
-491810
212564
-961708
336779
-305419
-811032
-897309
-25143
966024
-949834
611836
213746
181614
-772948
-247242
788057
-79881
923895
320665
-244308
76172
-453525
-106413
-987914
546975
139317
524794
58038
-110304
-791129
329285
391081
658960
-213438
-687310
338471
198337
25648
602683
188715
901361
-152692
174269
-404576
640469
-128737
486579
521488
475709
61374
734337
502213
-1221
-896188
258116
377078
-304591
-33468
96824
245787
-27204
-410305
125292
28309
653999
603733
120703
346894
898735
-325241
-661362
-291889
461488
-503143
338917
860214
-223253
-158067
629023
-298032
-565731
-950345
782011
-633366
943086
296944
-261147
128244
-570633
-145925
880663
-464798
298022
612425
-654859
239703
-790383
698615
-546795
21070
-627701
834494
-706450
808236
-265741
448311
-830369
310891
-931694
-341683
-743543
-848886
907597
864233
367083
-950336
-48266
-453897
-295486
-726799
-627121
35006
692315
502688
-323631
-944425
-334373
699279
-379418
273991
37451
389596
-120210
-105146
-534822
659125
-770586
436670
-333180
762129
765606
-699963
-875471
331599
374309
-94208
-651321
342900
458493
747014
888591
139112
-131815
137762
559797
-68232
61637
942118
-108658
-179018
-973177
15695
-227589
168516
30605
-380082
362094
603933
724225
893678
937943
-634777
366403
-114961
287745
-710806
46338
838237
693660
293367
-310536
195708
-950164
-188088
765806
-287388
-220070
-891713
-164179
-211639
137737
609895
-770777
-472257
-579592
-441196
-662150
430534
126568
971051
677146
-361417
-108803
-572050
915370
749323
-362334
-968296
927092
295973
286690
126290
-18510
-804812
-24333
-161734
-988034
515885
69760
-400117
-58324
-303066
-635375
424626
998102
-30293
175611
-851127
-308873
-934955
-579450
338001
927455
-927110
841862
658867
-275306
502426
-465707
389118
-206652
-277741
527045
-815096
800040
519344
851683
363481
-945066
299019
-877713
-337720
-978433
-193679
-388102
392197
-38377
-701608
362506
-719030
-444806
702956
184354
-864453
877531
-563219
-390645
-365870
-766609
-380955
-81657
728366
493468
318476
551783
631365
236048
-949305
-255648
435489
-117748
861715
-254247
788614
165908
-673556
347257
-806004
315833
824890
424779
-936582
602838
-102901
727442
-292676
353431
386422
-750910
40716
373766
258324
678489
181143
896131
-233415
603946
-843240
-353937
524375
81590
-520239
-154221
332022
-73636
-587721
-259911
-119531
-607234
-217636
-644918
489353
-55288
217912
29280
-847172
-931599
-496872
755491
85020
-438258
88561
-694794
-568813
686167
-743937
219851
563109
493845
170713
-309367
-773678
530212
676111
65816
-938574
393385
25385
111808
169401
-175298
-52113
384949
-191262
303000
-958864
439672
-962658
222606
-749737
486644
-287291
-564531
420494
492961
740903
-420537
-940571
-71817
-450678
-992786
-910709
-483726
-557039
963607
-19249
599504
675953
800492
-805690
546948
225643
-779913
-874991
396312
772379
-115427
33482
333349
115232
806227
681398
-637723
802640
162818
-475830
430457
-114193
386977
282992
623828
10254
-647773
-435674
791614
-851662
747513
-626637
987007
11960
-797169
-712553
28623
-53166
168471
568679
-644570
-254174
-450521
172026
804147
-715906
-318291
-200232
-749796
439694
956178
16710
-291087
-690636
-658366
-248591
-466745
-50622
719352
-843681
-403605
-261476
-499719
945838
40772
-808744
-234575
572650
42480
955707
-358623
-911797
-179227
-720093
-33274
825094
-815466
789328
604663
279491
408091
-15860
744435
-848178
991465
-516680
-274233
938371
871155
-726487
606183
-332870
-940712
-502365
-549441
-781441
-547405
-970249
-427673
517388
654993
-441339
351327
676176
84508
-202679
-833316
277605
-91198
-64157
51410
-447941
517626
701473
57918
949953
807406
202338
26034
157466
431914
-249956
-897464
-259249
155626
780945
561751
494972
-431038
-690850
553303
72907
-63516
-469757
-32350
801247
-613931
301155
967904
993359
346282
450717
-215434
-135942
-593850
-201934
-912645
764112
194756
164204
-470884
593004
-578322
937810
-536361
74255
-193389
-984366
163456
226633
-978980
-537792
626416
-411879
-177298
421688
425291
159797
999500
461881
573089
623396
956268
324100
-257529
967725
486652
661183
107052
-490893
-443894
-693454
552437
-709381
-254875
-937480
-464044
127083
8617
-77219
-65880
-386075
780089
-70754
-146223
116552
434094
-507361
319196
-105200
773951
-951429
-827118
-741971
544407
328602
-453901
798224
-865068
-958208
491569
-332253
-44523
-388053
-230905
617438
-736910
-360663
754325
-606674
-125172
-541984
817837
662939
865357
-203576
-291477
-475450
-545079
614497
237700
432129
-571218
-888493
-566180
409425
587222
873206
-326991
715112
-305152
-164534
-887381
426418
-617590
-96087
-892448
764403
624510
345491
667829
-196517
-371449
522385
-766059
84248
79079
716303
238150
-526744
202337
346758
-1539
969523
91204
-180122
435629
-391440
178597
236655
620914
-358541
-977035
940585
-564330
-352992
834214
-277487
760866
-216098
-199264
365131
784279
-552476
604709
-814266
596073
485420
822902
500858
574841
988364
-752002
453398
688895
216081
-834451
-658770
603330
-182101
193151
-405677
-752513
572440
-447004
-577240
-710267
-194189
751882
682027
453739
714425
-319630
-274289
274351
587966
496725
-811871
481901
-882308
260261
20772
447621
643344
677374
-11659
890538
760983
382739
755763
-476657
819577
576391
438432
-335579
636274
-15100
52707
519476
705843
896513
-442755
18986
-41169
882252
761979
127089
313020
-440666
269419
-298800
-58954
-974002
-928558
-661189
214832
-654030
268509
161902
668174
-120072
997427
-901465
778202
481270
761710
-668328
-989521
183055
-816209
100846
-657671
202318
478418
615632
-10537
706475
-317472
69483
-372081
845782
-924189
442031
-946436
971320
364698
-133857
437444
207576
-990409
356937
231793
382762
225540
-98277
-216373
571714
643630
-95610
-862997
-749319
222482
401291
-125020
598101
851569
773012
424708
324832
812776
948169
519593
393645
-326843
-526686
38250
-747031
639679
-243797
82012
-184420
-769056
-541501
174704
-896773
-292130
-987717
-776513
10628
940498
-557676
-730092
451844
-3153
573384
273333
970287
824769
137465
604216
-43758
-136318
-658947
-202193
408103
-293710
-284758
-313681
-50930
857252
-463672
-31275
224337
-822748
-21044
39989
463572
-131193
-292299
949096
981253
-809855
298324
-316391
-928611
783370
-579565
-685521
-508883
-967139
377641
123635
-366018
-749688
929927
-172300
600179
-934069
819717
-893197
685602
993438
-102455
927154
-239149
827989
508219
482402
-573876
-922694
471333
-505201
811118
987787
366385
939392
-547953
909508
627181
-904066
471778
955182
-698739
-501036
412416
-750610
730598
174485
-335825
-392614
-186483
-119900
317622
