438115
790886
-56415
-401007
-986104
-65927
-795067
409335
-266062
-594006
-567599
613095
-369559
672714
-202729
89424
570648
-176660
-534143
14745
695219
773131
413165
-54923
-755913
993871
-186686
394678
-664805
7069
93246
-328958
-697070
12249
-976210
202074
375853
-534149
-3782
-201387
-510897
-140796
-370412
961768
984670
686450
-215909
805527
334012
-617468
751536
-754761
988998
-669452
175373
-887511
-781055
-328044
-392027
-822570
604418
-854690
-141161
-64633
418177
440630
234930
975150
-84038
914734
824517
-823775
886025
830229
-433207
-214727
63122
-524341
45982
716089
328062
462197
-800573
-313897
854493
945710
-692661
674788
-88133
699508
-529536
-283285
913726
-891690
814815
-187003
656883
421216
-869271
131532
914875
159124
-686222
-787966
-959157
959076
824592
-335933
115916
636285
-88765
-19585
-332616
-340297
749524
99278
-132810
-441702
6032
432062
-863229
-503282
-583191
-159841
-254421
320814
295195
-962685
786874
-570864
14102
-81562
796177
419771
-151373
-632769
99520
-860717
213807
712618
-248584
-618134
-101670
894574
-835103
181464
236211
-946618
-161241
298370
-882255
764360
129297
625490
-486088
-437032
646579
269205
-161115
614790
-343599
-317130
450103
-390750
-397728
766815
-504220
-472371
-208364
-777810
110769
-210740
269994
-952796
-351426
-345266
658406
203550
261635
-532908
-394366
401336
435607
-327341
99810
581949
-183546
-16320
909663
-116529
-344718
686811
576768
-50343
392219
487349
190665
128408
-164962
946873
588354
860690
874007
-449290
-717855
-162385
-472982
384657
-796580
667562
31637
-717801
601160
-557298
-48632
-542216
-738564
-13768
344578
-342617
698286
495258
-734551
850064
859107
-825832
545632
7530
-481585
334298
-871874
-939232
-896849
635424
-15634
-105391
768536
-576068
289048
796333
428772
316999
-674541
377305
467593
-79852
334897
358715
796580
679754
282177
267611
-533101
-539472
400463
-157377
516866
-592172
-123336
173201
-163310
99967
-291876
-118379
916870
583780
710460
79340
857560
-28322
59156
901223
336030
262123
-953320
-609914
-310271
628376
-787365
245117
274271
508142
-140925
480125
836905
-886824
998605
-715629
942052
119384
-471497
443234
-930079
-691652
672833
-488479
765841
-244776
-345392
543369
634016
-979833
834493
-715500
983136
-429397
-147809
853175
-784406
-628783
-187088
805413
121679
-383979
-468860
-67684
905704
655992
-371392
428022
919539
185735
108008
538205
-378129
244870
-776793
-382679
984859
905880
212670
419742
98857
-268620
-542651
-475154
-373942
-69518
150914
800635
931264
-800701
751950
104954
-477415
162152
-219100
289460
71727
648981
334276
-335411
270441
-692999
-853332
-80310
-283410
87279
-599543
277444
-798022
-438568
867387
-977334
299443
475277
-144466
742222
-926772
125593
-634773
948984
-490292
-365603
838801
-820460
680106
545520
-110110
-107187
249740
687054
43087
757714
845118
458113
990370
707384
439154
-586845
-83265
-602300
-465331
-730919
-448897
594381
787540
329907
-307454
-259706
806138
458399
-774730
470395
208970
911190
931795
551888
481893
-898246
-707493
454699
68581
220011
272144
-846004
930715
-67110
491500
499316
213630
-682152
-652795
853134
-705392
-62748
-504202
-353318
-384114
72970
-886129
111443
-482294
-45080
-173716
-89348
982522
137459
-70757
426543
519411
190996
-235934
371442
-527192
897415
386321
-280078
-620727
107184
142154
55483
626587
171482
412920
-533307
-118091
-831247
893142
761813
-487393
411148
-123157
931857
72605
-503935
236908
-79758
395929
-439028
-571103
-621903
965515
953250
701114
-522321
707699
769442
-826095
-887959
-487605
973057
-134549
432812
224344
-19230
670212
783912
-217483
-255970
-792574
924403
842478
339640
436142
-795135
-479623
41766
280536
492666
-195932
-30834
555877
-649147
-879458
221215
471915
-686188
-973333
193211
-759210
269407
-82932
-861857
349020
477928
-867319
247979
884715
-244694
-784965
69210
-750134
-273908
-751015
-465078
518376
-231061
-970268
680723
-895263
-509505
-157230
-796135
913303
158712
739807
-505099
-807780
740969
472181
-980069
-774244
798131
-613591
554472
86690
883194
-110026
-465414
-954205
-296718
-368218
-244825
-681829
-450405
-793334
908194
332110
-867153
-880179
290020
437201
121109
158195
635560
420480
235185
-659366
-890857
269784
-998710
-651079
711512
-569467
206860
-946318
230017
-99556
616921
-444848
985788
522854
-781255
708079
-942223
702090
-776979
506750
-103301
837727
302902
280639
673281
106473
-61836
262719
150371
904208
589275
-595670
-478734
270402
706563
-556844
-852590
115455
510993
788248
795644
-318644
715000
49797
-779290
-146887
-512220
504536
423118
196213
-595813
-484515
164986
183725
-290925
-581955
-592604
370291
-370029
232081
-801006
983348
-981137
-854457
-730976
599725
-279266
769983
179936
-476963
-712041
-152552
-258769
574593
685703
-337710
38055
281205
-871938
393472
-63531
995203
348171
-333174
160500
142570
-379819
-469935
-617223
-361950
-236965
589422
528929
-690354
-94819
-298866
28184
-218779
-138798
814830
184099
992675
-620887
940193
-840430
-933388
-636143
-104313
-998226
-65081
574043
737648
958749
-409722
-35473
89969
654941
-876461
-188780
620007
927470
-59680
-61139
536658
615452
-928477
717989
456254
518490
246608
900792
270755
-427224
527381
422054
817673
935404
-240015
404288
823297
-460834
-683078
-628572
-241646
-106214
270148
-929289
-992733
-182057
-319272
121376
411681
-420413
47706
-188158
540423
984670
-890
586077
910357
-681536
175738
141603
-999631
-363809
763558
-573689
-811305
-69618
-301868
223357
-358673
-682157
393622
161351
-689821
225129
-592902
-944801
-220573
383250
-323022
206568
-596037
-89061
-657819
-952975
-297126
-543694
15968
424586
-125783
-971652
651200
-885250
872775
-327656
-56431
696501
-998213
-557994
-299714
-830955
-873286
688592
803368
-708140
-331815
-685084
718765
-233168
929327
706911
-302423
174641
792776
-972231
300749
-797358
-254304
-875071
-367778
358180
921218
253784
-767238
-486484
-969563
342343
-985157
-720274
-353888
-755354
-376399
-693298
-95627
855359
-242742
57380
-808553
-210067
-545703
-102751
48180
541557
-258386
86727
102504
190467
564888
268454
-608549
-525101
441052
-35290
478209
-239084
555736
-742782
92032
-808211
450981
717333
761693
-971364
883620
-993555
210962
224659
895430
-18164
467528
468473
-674834
684090
-868242
50446
-343952
100162
-568139
386417
-196790
124959
533980
-763023
-109847
848865
-159813
-987562
531677
240294
-272818
520811
775093
-620104
2763
972052
798372
-863286
-741268
-708337
466134
-414593
-188577
-239268
110108
-177460
-946215
-75833
224810
956396
-733289
-844895
-67354
295555
-48596
221166
713310
50329
-477078
196298
-938880
985766
973093
-745921
433600
743924
370399
-689485
565251
-295874
-305941
96338
524060
-273926
318141
-366510
-19683
-95155
-697611
-629078
119162
-937643
597086
-459061
535069
614074
617002
411956
-704314
31080
-613397
51204
-896336
336127
-868506
-825563
935332
366535
-288320
527203
176806
-474401
-951363
166387
589526
989636
-208159
447144
988528
154134
-1419
591385
625329
-922530
-872215
603592
513611
250455
304290
874365
404860
313074
-943951
-170348
-749626
-949822
536155
-542900
678870
-191508
112407
474446
-881148
605014
704028
-503989
-865484
-379439
798069
18128
299787
45543
480478
571026
60467
496363
-25393
839308
198673
-442191
562573
-929469
604257
696235
-12638
292326
962001
-655157
113284
-346048
453189
530087
-109701
-555333
-365258
854145
827605
-496708
766744
73417
