-39908
89224
-235645
-906872
-215940
105511
654351
-935922
127358
-397970
-185460
-579654
116639
-13820
-169889
-809490
728998
352368
578704
-105358
-730707
810015
369393
-532291
-903751
-46575
-939312
154586
476456
-658145
252743
-901716
-175849
701106
194474
-663023
-321059
-911100
-522193
-907334
259472
279805
141606
-172848
278498
610806
262408
-968746
-853855
-198055
-519459
-717616
9668
542846
-432544
-223697
822159
-125276
-27742
732985
-960948
86257
-409376
-285889
995647
630028
185993
-912473
492488
-642231
238803
746759
-161978
502
929959
417742
-928164
-671192
-306502
-56413
443621
154589
68296
-195596
-126466
-816660
869230
-51047
-340446
-48939
435496
631553
-245960
633336
403254
511014
163277
173812
-994460
325856
-823557
447770
962084
-366919
14300
72182
-119092
-329107
-966014
-965966
592928
531376
306081
61218
420852
332639
808625
479028
130216
529937
879512
363007
-973236
-519701
801286
-100030
382879
-605461
438110
132824
-753314
955898
-138203
938284
-385004
954418
655341
887020
562039
838865
-279892
971525
-243182
521275
977907
-528284
519888
-365099
-501491
-205638
-376704
-773004
852580
189830
-540308
202631
-619903
-124917
46773
257771
23134
825986
-588623
-433348
746014
-919082
-512730
-903718
-870302
325059
312694
-476709
-43484
426078
-956142
-536094
18721
-961340
-356820
374877
647812
375851
795260
508836
-26357
-364614
-391195
603141
276600
-117063
515762
373191
599778
-909080
-929215
243651
-693770
-849044
170735
-664645
476001
654211
608661
-732682
-845954
-817392
617675
891055
527320
-217239
643878
880167
-525006
-735153
225235
265723
-685925
956642
139195
95319
-961068
-65680
607156
983921
-856946
102264
272913
770718
74115
-78991
633132
4213
-734508
-981036
-425058
627525
324734
-89896
-125894
-952915
-959534
975813
-484555
570433
457299
-145402
134580
-128231
133321
966059
-669494
-238730
903351
-714273
346270
-112626
199549
-52391
623895
-117960
-970208
-186756
684661
-129943
-640825
742164
-672038
-218660
251529
-97816
-25675
-879778
-141190
-533763
688597
-512626
-435555
-664176
-636625
682309
517972
-241549
-885124
434564
-354650
70448
60168
698282
266536
-861487
795847
245741
-853639
474321
122917
-729222
145197
-659593
578853
132705
673728
-475115
-869429
-766321
-128490
-93273
-481007
100550
-886802
-656673
-867322
-631716
728351
803625
414979
236084
584745
490544
154047
-131069
-574823
-452927
888971
515205
-314176
-308065
268314
108791
-415153
-92361
744660
843016
919433
531512
628948
-982392
945283
-87031
320139
-188206
-367798
690100
370886
495321
-654944
199024
248700
-815801
-565408
979510
335475
217389
-402092
-466666
-378207
-940175
-33783
306874
522998
-432833
-748065
985419
719495
-701051
-290925
-865499
3742
-590936
-791150
-428775
-257134
529199
244950
794921
-206613
-848208
195128
-724370
716734
639830
-939601
-909660
443436
-408761
308407
-411734
-261587
241540
-188883
-412865
111669
-739641
894934
821429
170801
-241951
-287227
891924
946557
266454
-652357
-386617
264121
-168311
70642
-227831
-161528
545975
975497
-727126
984167
-815315
-724468
751179
-881685
566687
109310
-669128
-284272
-445772
170642
278290
-435264
-592591
418265
8270
665411
866368
-17936
-981648
219653
-16669
299527
-104227
-861809
56862
531527
-816064
-510095
865944
735320
981788
-443886
-444303
-883344
227129
517929
842182
15937
856127
927436
-40390
743899
-616894
625236
954133
-179912
-142195
939361
-978699
-181130
-704562
514676
-623074
252264
752856
774049
220406
-867597
-872565
792070
631607
-646104
302403
-430371
809736
537858
-96481
-600740
-159725
751959
161751
-373601
-735
-895507
-322804
-217479
657758
489381
78976
571895
-907998
387439
825878
205244
-633415
-714474
661746
-135259
-896946
356757
97495
332027
796359
726939
534185
-229067
755939
412133
-382678
59812
363339
-414554
915532
-634987
958002
300089
-32845
633212
-32757
412040
-919694
-411646
116585
-892405
460706
312289
-337862
889089
657446
-134607
772706
-849042
-798574
-846766
-923623
-64290
437170
260960
640750
-820806
-993802
-222196
149335
-301882
914657
510078
667011
-82767
613444
150565
888561
-600034
-40579
-216043
-495742
-263106
926277
82777
-331392
214710
-548762
594719
597092
343720
640344
-885242
677822
-830045
848457
43301
845212
506610
130246
99397
739554
-325563
740231
-987239
458344
636789
-684959
621117
630975
-130929
295591
445559
196014
-566888
-587928
-350702
790580
-369517
558601
846836
192481
977803
-337130
-875656
931129
-389336
710425
359859
724256
-722350
-287648
-159704
-695203
638778
431356
-783380
-392639
-74286
520960
-759406
386270
-140416
325310
-891732
-56456
814906
100537
217949
-486617
-557253
-321839
714117
-271463
-687050
-249460
-866087
23992
-669420
809525
-17407
802123
255917
914581
953511
-299844
96955
-251708
698438
315652
225378
661980
-704256
498818
800365
491092
481848
-939206
251314
938456
-887344
464552
-180962
122804
-346685
-123546
672180
-336702
711193
-123638
78645
-928210
-207238
-980349
188804
233350
842454
550716
-956006
-752998
588974
937988
-250903
-683545
45450
840399
-583674
-208064
143070
-693526
-158214
390722
985092
45161
668397
-632309
533417
-55709
-982876
-476950
-910112
539372
-137832
45915
-583493
-960834
-279760
326428
45496
-480351
-339940
-163694
-454496
793197
-772345
269467
-618160
-574418
-347780
149516
-49413
299467
188525
-962160
222710
-724868
205676
488890
594752
344976
-961001
818207
-189595
-612451
-371534
-646083
-958486
-793040
527880
498318
658224
559512
-690262
-273702
516929
-287877
-165248
-156328
171122
-528087
905130
-802679
760885
-620698
-935449
-525164
116333
484046
-723294
-222907
286665
-519793
21528
-407706
-394604
-773348
-431690
620427
-91308
-36458
265765
416104
-548094
-161183
-26650
362868
38287
367752
580507
-702675
48546
930174
633990
-860925
-646556
-200787
-205718
-524035
474731
-108379
-453782
383577
-918743
-397653
-930718
-308462
-163066
893476
-593063
556207
-327928
-779272
-745143
754497
-279497
385557
-703218
253344
-381994
-41494
988743
-307889
847009
880318
-926084
-513465
-429001
741760
-572819
-128757
-668252
-499479
438917
-429546
-470289
-308946
-204095
-22782
-430871
-441240
484517
510647
846146
560372
147693
400011
-291655
387445
571261
659741
197540
-616808
-8888
839913
930544
-577283
-243348
-334671
-752523
-3212
-952885
308260
996058
-254541
78175
-788388
92914
188331
290111
304910
-798941
665467
450341
-755457
-791471
-631208
283574
264875
-89379
568483
501417
-593959
-741575
403121
852310
-489039
847076
694492
-324772
525247
-78370
-224880
-858088
964740
9427
117818
588502
-135452
-472466
138224
281344
-541100
-953992
228836
-454818
858150
-378521
-175345
-961932
-231515
717389
-237302
372255
949715
-465827
335454
176643
937090
-755073
293444
-909852
-928195
332949
-34922
-103558
-438346
479955
-381622
-630960
432330
-381754
-395315
612516
-779887
-290297
-416440
508676
503757
-860841
258673
604105
264448
227164
-859984
-834066
397478
123786
-329783
396701
-110726
-477398
240665
967409
-769553
631960
-418892
-460472
-393661
957098
151747
-692869
259777
-668745
-806401
-118691
-608977
636282
39178
758967
-50780
48854
-771810
-595282
-278933
-285853
332420
452329
-793625
837505
-789929
-420227
-438299
900929
-102906
964343
817443
-529835
-222935
568154
220952
-925875
-916574
-782875
840836
859844
535913
-600294
-890860
750546
470514
986192
685170
-618021
562726
-29280
594889
-692519
444618
88037
105660
-455994
269292
-876498
-990787
-159507
188735
64068
868888
400601
-968051
698441
-959390
-514421
987661
-462960
836585
424149
-573116
-800670
-237140
-857402
579400
245586
223395
634426
264241
137198
529921
-91761
-585340
217629
-673701
-471536
-381125
772955
841361
840158
752045
175918
-308600
844625
386314
821174
-803357
507949
338319
359367
767838
240237
-898837
111543
593618
-712130
-506838
887176
3053
931121
881403
40893
-78758
655384
-715752
-947072
695820
379460
-57744
-643536
647410
205200
409045
-142355
-536454
971201
-530786
-487190
217991
302126
919507
-654785
-692156
852520
-166148
-616193
-403040
107606
478308
-299556
-618437
-124133
-108700
-123251
-216615
928959
-263488
-798381
-246364
475165
-722934
769482
530320
809220
-357437
-403469
273439
-297163
-130941
196494
488596
-678193
330679
-833935
3490
2084
684670
124889
173216
366086
372656
-418252
717904
51147
-253409
321972
167781
187631
-705353
-553336
245176
976151
770157
-851093
-73091
-266339
289731
-862408
333295
-532234
-300334
-548466
-692099
273448
-80027
-641829
700717
-461654
318824
982988
156748
425881
-326420
-76362
-266427
-748710
625080
21128
-856397
374722
-350396
-435553
-271258
305613
184497
23633
324006
-860470
911264
380608
852306
534462
41074
-813938
-56016
-535017
80297
-942715
-235097
-982785
578929
-761784
-435775
-806691
136280
-632161
-850668
-395148
554575
687386
-267884
30821
129056
-74759
61559
-950323
611595
-229446
503042
776952
-78732
607609
263275
628889
416736
-180094
-524356
625481
566479
-689494
370294
-993886
-596875
-185579
-193028
-106145
119374
707608
-734088
987258
667041
-861337
-837742
-655443
201834
-542466
-90519
534015
-930368
-625396
-437643
-697978
477602
-492043
-298192
35104
542628
755216
135845
-922031
-397774
149514
864483
-761289
-216740
-961138
-23071
17606
244329
-291952
-582433
894795
-908137
450890
-102811
-458632
-460723
-689718
160243
-242991
-978688
834291
-844062
493529
-496833
-244057
760967
-593569
219021
-413592
174222
193479
-274990
-324057
-919903
-386346
361018
40613
-590359
467326
-402567
467720
478999
748994
-396708
123555
321155
-721891
-82089
499605
-280734
-675677
-111497
963287
-813348
974332
-288193
244315
-615209
-289082
-606745
-246474
-832163
502204
-23383
-69584
903332
32612
-4805
-843216
380829
-289140
-388156
260212
-904408
18896
671839
-997016
817629
-945916
-861446
-167754
-28970
613055
-682812
404478
767004
526970
933566
-422222
179986
-618081
-544290
486032
-813486
-785439
503889
699780
393846
389763
861718
-814019
498593
-661066
169761
-517878
-971927
497446
-481392
-946711
62361
37609
553483
396222
-791364
-521105
437445
12191
-727617
-102742
-495582
388117
-691051
358727
-201320
387197
791443
-219591
-642560
388373
-528440
-512761
-336677
-380873
993439
733937
93067
558469
208256
200802
-16061
121200
-976979
-384813
392119
311409
939645
671082
-758159
-578098
564900
936265
740783
-595269
-989002
760108
617856
-182275
-663974
518387
-719978
259507
373862
-191877
-262856
833339
799265
831899
428746
-478375
153361
738756
837484
925367
-615966
460468
-800273
566817
240382
-8971
-178504
299957
748739
-319749
502155
112555
-179186
-681363
559326
507954
-882826
837214
647616
820410
-66113
-675418
630507
642929
-101129
582605
-61090
147452
-860591
43458
170794
-540163
-218920
365426
-17626
481512
453818
-521211
-70289
-373982
928789
-828595
217808
-930864
-840978
-588713
669367
82603
834887
384016
943525
90911
-295609
18666
-745308
-77789
257538
546848
209955
-175025
183537
37114
-66809
81359
-610366
449230
907099
930087
-249603
760192
-782699
298839
-739683
283178
-287055
-96941
-180857
-843871
350273
732362
543920
-709256
-240064
422135
-748296
96830
129182
-730712
-623136
168752
133866
-674450
938899
-888751
223244
-931543
39615
-757635
907195
736449
871995
-864618
-748550
-993009
463486
-145675
-677443
756263
256006
284066
775855
758626
238911
-406150
312917
976512
-188807
-179230
320590
-31245
-651665
23290
-760644
-356714
329867
-864173
-135603
-312973
965043
-888250
798714
-734788
773106
252628
735583
-571298
900054
-767597
75449
-958902
-243523
864601
779938
-935463
808577
-293614
123393
-806749
394263
819043
597738
-887395
-544841
442009
884791
-333800
-91838
-367139
-673190
-966631
792711
357505
-863461
-424439
-886616
-621614
399343
644540
-707796
24044
-162923
-399399
351905
494911
457209
119758
466839
509714
-237323
-801332
-103318
462420
-281199
-103115
648265
-744975
534249
-504963
-45917
-763971
94607
-586270
873301
-59540
265725
702376
-944977
377181
413013
415440
-178093
316432
448192
468421
225278
-739061
-474351
11888
-243221
-317705
49345
170989
664983
-871307
-155844
850044
-438251
31687
240044
-292003
848047
412607
-157862
595111
-339678
-184302
-997263
-968900
466923
-394962
646189
522999
782513
337404
-807905
54838
-494439
-445885
140680
582689
-335604
-915818
700857
929334
112146
705249
-313993
-46671
512442
-997353
-959430
861351
-927466
-243577
898135
551079
-630108
839466
139716
286634
194684
-64772
-910085
-528237
825697
-121355
-487770
-151443
-425495
-341647
-655151
-260507
-224792
-43779
539836
43940
186301
397469
-116520
586858
-281839
-789508
-259908
-355773
-804897
666716
-252493
-506370
596305
187621
-589284
-677794
-670188
19848
657305
790678
-592919
-875291
438223
999831
-884797
-194129
-132522
461499
-779864
-101058
456763
783218
12686
-736724
797380
-778919
844512
726415
194509
-190204
-696627
-980050
-394991
-352493
618405
723454
-987788
-215984
101915
597887
345994
-61634
-150591
332346
-732659
-939886
605139
-965845
-787347
-885514
34078
450604
699190
514086
-265328
795331
-813874
-729090
-727757
-691444
756043
547514
-278580
445643
-296929
129751
840666
-105467
-889851
-466796
855645
51305
-11223
-528070
855290
-171951
-335493
150830
397676
-19228
936481
-370189
683453
-989638
270189
-191978
824414
-654772
-634001
-971469
812891
125928
693778
-739773
510272
794532
769188
616792
-386296
612316
-800389
43715
42772
665561
-617986
606817
219152
750510
161735
386876
890268
822914
227050
872996
697924
338758
154516
-583281
-803221
-602219
599362
297688
-89543
-639856
661514
359302
40973
-342505
-657153
-212222
685524
-395487
-574897
-446023
762970
-549731
844637
318392
-8962
737690
784603
113866
-977998
-278936
346225
237013
607404
-454204
-53117
-957056
415005
779498
-129512
-299332
224238
-833463
313253
224627
465772
390229
839472
17604
48305
-643251
-18706
-821500
-837703
562034
516520
-984503
-206914
-661475
-851834
-775663
477514
701714
-225034
134758
381866
537123
-810761
-816593
-359126
-286707
998329
20858
386345
-945522
-213779
891638
-258101
-682976
487435
-640994
-854043
804315
-889687
-764463
-957492
243323
95844
-542137
617462
-441892
507130
-371330
-142913
545033
577101
484799
656927
-704914
84649
-719458
235828
-231011
550853
309271
-453790
47251
-535142
-619057
-778253
351753
-754700
-261064
160909
261221
132511
618498
54501
741663
311323
949491
341320
-256014
-264779
-301482
279975
-114097
-289016
-272338
-184706
-658253
-70220
245682
-183602
-442736
765647
71470
-951638
-599129
-675842
-992815
950711
490037
-203565
-292752
-273865
-586389
159098
-278341
973052
-961408
179962
853251
797606
691144
847278
-783608
-92311
-361456
-725065
-950819
-622694
898267
-946479
499837
-566814
168394
-468834
-481778
549651
248439
658483
857166
567976
-461184
466911
403268
135495
957050
-113706
-358662
-623619
-661785
-532566
85664
838301
364027
-334727
868687
-942245
830294
-247953
-11555
527182
427694
688247
-510649
132857
502146
23347
937065
-277838
55969
-250629
-884689
612701
-946111
-294292
-876613
-821076
-495063
592551
-917024
-538369
301261
355633
-795348
839567
-734815
401203
966817
156597
685495
-967394
-564333
-686922
-85494
36549
-590135
671728
-16498
-665787
8545
-228674
-377473
-230155
-96768
965173
468328
-170668
207662
-493795
98944
-239401
-747022
390999
-334372
49028
211711
-901055
-813118
-273266
-196872
-415572
492061
965574
529864
653478
28580
71237
91209
-80295
870704
-597744
170833
100510
-479249
-25963
-459968
565683
-15155
-229505
945493
175986
-985264
-383225
814764
-197640
-465850
400791
366416
137360
-796156
-566173
-458892
-532740
-669950
938502
4354
-617051
-16598
49996
-134244
302684
225860
805223
971845
317988
59051
664479
-346138
203560
478833
424794
-821752
-606096
444616
-487565
384980
430382
-651043
898457
671521
666375
-74830
-782096
-644541
-255310
273929
606728
-184597
-640666
-923803
457400
-837040
-549919
-204399
-951047
-314
-594728
591909
649056
-269345
-278463
179350
686460
-605768
-202117
-375344
-1797
742734
-674660
-365686
-710421
-676265
-588728
-493747
-77730
-65309
696948
-391688
-837846
-925909
-373886
603061
292516
-965060
-692638
566364
-541293
-29294
-979386
349794
-650145
-325437
733836
-581617
716953
-403994
665708
300871
-434437
-166809
432551
302728
990560
-907072
-255149
-126414
475247
-917720
396892
-838723
758998
455242
-845274
834611
-968634
-752307
897116
184473
-910518
260314
-825208
-102910
-803118
659930
765476
-123873
-879528
839077
441852
29305
61920
581446
-302087
941175
517817
-357927
-474
48840
-785308
487959
-170345
-830196
887696
816543
12242
807178
358016
821397
-150270
-343102
-126309
-960635
-581611
761784
-124431
-161688
103666
678746
-648858
864107
-332229
-903809
223851
-182863
-492791
-281974
350036
168634
-445046
-686154
-749226
-822277
94460
-943117
726233
-646425
-579266
242376
-867481
-923070
-606130
26110
682797
738072
584920
-562221
-927597
353445
573951
-802326
786175
-110341
178900
232208
469952
-726831
126210
820010
459742
-972479
-316914
-399723
-66728
-79096
-59843
894998
-580791
332404
858336
-664368
-683893
-258961
892469
-741279
240875
-832824
880367
973351
-661042
-75818
284588
478750
689081
-341962
897206
110643
220354
-982204
-977618
321849
-11351
658934
449619
176443
-509011
259163
-967420
92898
-140991
281314
-347320
-291417
-826243
-41986
-816789
390376
194665
18317
-863400
727741
479786
415094
684683
896918
966365
-978722
520494
-261981
12584
573318
-30343
-247719
-3866
449144
-787264
-439649
-30327
700020
-623389
-708618
466979
-684641
-13887
422281
-835578
127402
609247
-553891
-119133
439450
227523
-815918
426656
284329
454941
235120
-186460
-499668
575156
-116750
-370870
893120
588121
-313488
-653038
178938
603406
-865978
965267
-226989
-444731
314390
761989
-83781
752493
48837
391436
-963167
-260468
-621538
-91711
-91333
115946
-73375
418827
626751
-317545
877726
-281638
322699
724028
573355
-47530
-477182
-927289
-508141
-352534
92725
241854
193280
697154
768287
-946367
146436
408339
-980822
-832193
155537
-118839
203770
518472
569083
192185
-492900
-182612
322987
-130622
-600258
123680
-939773
-224385
385354
75570
117503
769649
194060
371113
622953
-802218
-205841
401639
450127
893127
-274845
-380752
770755
36498
402761
-92884
783675
439243
598161
-906567
695839
922448
-484149
-493311
-744865
951591
-275577
-244470
705445
589633
516898
-720774
915145
-477476
703175
614237
-762968
-839396
947069
672036
-3165
-353265
-214456
-698859
25590
-786161
596276
-333942
-477522
-996909
-323878
571705
602295
466886
-582077
416293
981444
417002
961504
409727
872099
-460993
478569
617516
-664716
846732
-116527
30067
-770748
-725950
973138
131779
543886
-245963
-664453
-811637
295707
-786893
-887673
-465490
569341
45582
-342775
-58351
886032
820526
852127
366128
-792276
-926521
-837323
-556030
804228
457306
-195501
-361668
-293184
-303831
428106
595792
-844626
840045
-474655
264643
811943
29184
-79720
-439845
-84698
246076
693896
-278335
-913569
-532371
-178075
-793256
-805389
601325
-392126
-648146
-962850
-85178
-159380
-665549
-171803
667652
-183248
962811
917682
-913071
970906
-344521
828996
-9736
241082
-817081
-61891
390537
907785
-417153
-243228
720801
117659
-526914
344667
-35290
-177944
-438091
15579
-438161
213816
-463888
243747
-605674
787677
583084
-439561
-985605
-959947
-122398
-489863
740165
438940
-664517
732555
951327
-600785
-531746
-554775
565999
388427
291774
997372
994056
-677927
-991257
-41395
-123922
-722129
879052
-270674
858738
-792706
-244281
954874
-551292
-111973
331302
-712159
936684
989753
-769771
-191141
537922
-512340
-959577
-881691
-426433
-956883
-733567
67217
-61655
792954
-560503
-604684
343888
-885517
493897
-522265
437011
-199379
-479658
-122834
-991790
-377988
606088
359612
-789618
769236
615923
-616753
-90347
-340318
-504868
-696138
147496
-620442
191189
674343
974294
905615
-839799
211856
-775248
277293
-134931
265600
-697303
457846
-787065
-415281
92423
217565
987185
265374
343372
239916
-274493
1477
85689
-681567
125047
-46561
74300
948288
-99076
-877821
-558552
342240
-545954
673487
-929514
-299030
-96364
889516
-815512
144059
-408915
-976011
80311
-915759
143212
-586926
352570
-155657
-892457
639284
-985072
677117
825490
944876
756127
-274385
451173
714148
-716146
193936
-873846
-718003
-264406
-33269
12004
-141455
-252079
-460760
987780
629525
-89829
859757
-971735
-69647
-226134
-984029
927581
-60800
-24849
-178839
312397
-913579
895735
-441304
-307646
-629868
-364556
354841
-73665
177983
343149
-102949
-686915
425461
8400
-877065
-97198
396978
-158389
532208
784028
889940
-205695
2086
719774
732942
875207
-842005
135221
938220
-478604
-168460
604642
-926304
214701
-169997
-675769
576532
486277
219082
-465422
-408071
-650785
274225
-927361
302491
570125
215531
296862
828041
798057
-183046
-863549
-335748
444922
68610
156336
-154474
-968781
-599638
661620
709008
-918594
475391
-461934
351053
-483758
-816543
-243398
297845
393629
-994763
-44280
281182
-952136
-84934
951998
537887
-113383
-235496
754123
403573
-57197
739184
-494482
999449
788420
328797
80407
914239
504986
-280803
8774
903821
609041
472541
731425
-995128
-851622
-777017
785211
611251
916946
-763425
-745867
-70034
341279
-455022
-828217
244357
377006
-577672
81780
-199786
649949
384939
355642
-918908
-153610
32492
748444
559457
118932
-902894
-84785
311579
-481538
986737
357221
-361428
-839012
-502961
-905642
-100479
236409
-179327
-651131
-940982
142647
-381890
389123
24887
567708
-818378
-268640
-775931
-743034
-311092
211803
666623
589016
297346
278962
-988266
-981458
-959480
-632504
61879
-833719
-172463
-683492
-995305
-122905
-885284
-782168
-719823
-956064
-362851
195259
310100
335695
-904492
-339479
852872
-599971
-876940
-168404
-298232
-355005
-747106
-75150
-591930
-674230
484426
722562
-66453
859890
-704835
89244
109015
961747
-785820
-293739
-241131
638701
-500302
-922792
-967251
420217
615023
849533
661921
892674
-600707
-819927
478358
624084
-537048
977654
-19241
594121
-379266
-373643
528196
229043
309789
398949
220309
85836
-405516
183515
617716
-791150
-386876
829258
459440
150456
773033
-312920
246095
-233633
-895663
121726
736998
-993658
577794
-200412
352755
296276
-498010
638425
-177109
-967905
542329
79032
-940036
-610378
-348662
-706597
468267
409923
-105764
-935874
522108
317503
569607
-948209
155655
918556
-684328
639309
691957
-880108
373976
648754
374740
487354
547475
111273
810787
22680
-870369
-950167
590225
-332717
-660018
8780
991307
-839865
44497
4645
-467121
511034
-717139
-460950
45429
-414573
667275
768000
-299082
-241635
683680
959877
-463768
-436179
579003
621765
-434978
801420
-83664
-505146
668226
-144030
502379
-559089
367120
8644
478701
556264
220842
-665933
128901
-866061
869284
-785654
967972
12001
-771407
-664193
-193357
-817621
-730460
130078
-571071
33805
603068
7213
-165
-180007
292669
-894064
-927761
148259
324253
-781140
-363440
707408
656497
-565394
-268330
-920983
-300224
-170190
-19144
618003
82969
333737
636384
-50486
396737
-96302
-78838
318099
474539
-136445
-862534
-497615
795624
800658
842197
-107065
-269720
63193
9454
-387158
-338435
-712846
694579
681160
786469
241706
119236
-421939
452492
-498758
-567361
-238471
541644
634615
-723495
747710
-824287
854922
-218533
-221849
-746670
-628688
63906
658202
-568861
972993
-278280
848476
-350345
-350422
-320021
-807501
666684
-681088
-898014
-989828
701002
-332438
-299132
-381343
-526520
903100
-342694
209804
-394157
296538
-676364
652766
125009
-495562
-166238
238868
-786226
159740
-279661
-469709
860156
-226170
318783
-713742
-623358
383974
-310392
181320
-274188
347307
-924473
-75270
912290
-594915
-627429
507299
-258716
516647
-813840
29352
-288290
-821778
116798
-182137
-296946
-984510
-410277
776780
176787
551756
629402
-937479
-645050
645531
-749401
266566
2382
-826093
903251
-816668
952561
-649882
573685
-358147
-433553
-860196
815431
123537
-702361
376843
383942
313617
-963171
-545673
923576
260341
-721839
688049
366380
-473284
-968744
430351
-240354
-821427
625585
-763735
-882472
58972
-64594
-980549
-952906
-413864
619657
847079
686187
236896
-326367
448208
-912676
192549
147296
886733
-426120
33819
-202056
-145007
128819
-869566
155171
-660628
744765
-962468
93770
-980037
841942
-52610
996508
-938180
37476
383524
-852026
-342617
648220
-390813
-638251
73691
822653
798544
-672967
-60732
94728
-158900
428224
834024
481725
-856256
-656868
10102
436010
641514
970207
-664660
827348
929233
-274538
628106
562558
-333269
-155314
297986
604310
-583257
-40852
-682648
-486312
303509
-18157
-724743
-512327
-686504
-81140
369076
225718
-154048
880176
-920195
490508
-962407
994700
-133649
-682381
-649022
-463184
804836
-540075
-474289
-826548
525407
246262
-720482
-180405
497619
-911928
-415157
275112
-854564
-770990
367075
507063
735454
302430
-394486
217131
738727
-36894
651984
858465
544463
997149
875434
-578493
815549
953468
906475
-339150
-57953
-595391
-813172
988895
895479
330214
576239
343032
372490
-131914
-298545
-317663
719292
-649956
821355
-137353
514678
-48257
686077
834406
192115
52132
906429
-323147
-393118
118791
801530
-945167
-505614
-166713
51660
-58168
-2708
-498470
535456
-516528
-299080
36377
586167
-408679
-364327
-131328
-791005
-334981
-64046
43249
-920326
249762
971696
464535
-276877
-305874
251399
139996
-995432
-266253
-456906
-484251
-819537
569018
-841374
257963
-997201
348678
-73869
837387
596136
402140
418367
-320363
-228188
-86833
-230480
-649676
931661
858967
-790530
-196762
-853729
395507
922801
-664616
873843
-385168
537834
-832190
149792
-744450
682845
-870238
-517703
527574
-144487
-296413
535690
-209286
819093
-556989
-879779
-517371
-200137
349064
-424559
254115
-730488
151175
-616154
580739
464098
947493
609770
-3484
786287
841842
98384
357801
-643977
-84096
64007
-79419
-556964
439271
-909353
680252
-691297
932039
-544642
7387
97752
-329146
-260661
-675991
-586727
100706
-889067
-546928
887555
-518966
206983
853841
-89126
-385140
-973886
-230497
-493846
-58585
-368707
198713
523408
-848078
185222
850731
374072
-10635
-580491
269334
-598664
102667
68156
-563666
-882755
548103
-644045
-138587
918151
444867
-312290
-490221
9644
-229646
-758035
-583592
-132952
599109
-986050
705535
-27169
655395
155786
-659024
-762040
464600
707188
-128965
-668691
148115
903655
186948
-511371
-320543
911884
-91979
-862982
-425856
-15878
750472
-254550
-117860
950492
-51622
653106
18884
-204590
-22646
600090
725958
-582211
196708
596501
-995632
-17128
21914
-882584
70831
841324
-726682
870981
-831780
804850
-666923
-324322
-607529
660081
767325
92063
801841
750670
-712711
905285
469368
-796967
310944
-579737
679968
-159413
860837
-191661
-179175
-583772
-649019
437206
-248457
187717
914966
272981
-916191
52290
631587
480895
959389
611798
-363150
739063
764227
-946270
531931
-864247
546430
-498179
141778
-357115
794399
786997
-682947
847340
961579
550132
-555253
-724639
835476
-528270
-65696
132359
581225
195475
820648
-785102
853917
384122
644362
-953284
-854777
731650
193417
-68819
645926
-434488
707803
640901
756186
453093
-696827
733007
-187042
256315
852907
-746017
-205260
418353
765048
847669
678249
-331475
-704794
428040
-452397
-700781
-21720
-899249
783801
974005
-917509
56068
-622816
374346
357770
-540787
161958
537676
150383
-249708
-602241
-351924
-872715
-948635
-325423
-856144
-732843
-791297
-768933
375446
-625424
-756782
391791
-312988
-269994
122161
-435458
894557
-182146
113519
934028
-790644
962029
-922168
598873
-767416
-186792
-345885
362030
-303163
-448382
-172864
-943466
-79576
110240
-915318
105082
-563766
76073
827563
-308617
-149418
291163
-758821
-630047
506457
-179800
231102
-465138
130221
-188946
-430804
172138
-584063
291251
865537
523324
-891074
-94568
-368195
553353
254114
402457
573691
494108
657235
-104845
-876221
-107431
-120445
796902
522383
-696588
-864620
-615378
-196528
510785
503159
-269186
916527
377177
-372524
-867436
426063
-878047
-964055
143437
-108426
-759260
-184530
-133742
287896
613930
-244618
-339270
374192
-324754
211199
-751376
561450
-480709
244174
-194422
351157
-297033
-499820
-30672
-95138
-811974
509933
655442
129028
313792
-511283
450259
822819
527338
-312500
988583
664351
-85444
329573
242595
-215976
306614
-541440
-100979
-339465
-317399
440214
270389
53851
-787169
62769
-141012
481731
-636384
604
-280924
291016
-303137
-809477
664607
419935
-795218
480850
-166438
-99618
-7909
-821977
-6126
992302
982967
-93092
-649422
460117
761908
395677
75529
893974
621202
532504
-440285
200750
-996821
-108873
810794
622359
777324
443340
-364152
-933737
791781
757274
151914
-213551
912048
857841
-472012
478941
-466326
-879148
-187188
-896321
-310801
247261
483536
929928
113439
-886480
-276927
-398389
579478
-832279
240529
630553
391789
-38980
854186
630656
-843562
-930751
-32421
281777
-324038
-604907
-766005
-719765
413183
238114
-207853
436328
-727964
-275595
606797
-602289
574310
698779
276569
254773
299494
350182
-983140
-860986
-9225
-180816
-492859
720905
-798319
-771378
-764499
961664
927012
-670300
-190269
-968701
-353008
-639791
-574612
186823
199081
581296
424531
743177
562436
156397
-583084
677441
-180108
306194
-182687
-349280
238098
96894
223064
-259212
989542
356970
-236646
130390
-847556
366139
724588
-536432
823530
-484387
101193
959204
-103959
-536786
902495
-947643
-945434
-225408
567017
-28972
592344
-289026
299386
433498
424173
48530
-150944
-872414
724552
-904573
-53697
293171
-756852
671462
-973337
-598386
403344
-990520
938657
578216
-175107
720410
-525388
488875
-326447
-945319
270970
-522813
-731135
-406682
-628602
-588073
-419161
764005
-586845
-38984
771761
584355
-377234
757423
-610988
586219
-315129
-161435
-314375
-212961
-701467
575753
581037
-139431
990666
-962614
590246
844012
932687
580437
986177
514210
-974169
-293911
-909775
651177
846746
545209
74938
-117950
465230
633098
-444900
-481122
-461246
-139142
975471
-939523
837569
6959
-53354
258866
-609534
48816
189226
-645908
-666191
-235905
20951
870563
345840
583188
301007
437992
38816
250738
-916176
-184763
838154
45699
-852709
-800608
-176659
89865
-371928
-575456
477641
-429770
499319
239900
-654066
-151538
-291960
360440
-908483
-550829
794401
-331212
-706616
425614
-798782
207305
659093
619888
987728
196167
-713763
-578817
868357
-445091
-822008
-875646
990671
-453568
-37748
-50733
462666
-296994
-505960
178698
842172
-383554
-874366
-790840
-389039
112780
584008
253462
-487281
314454
-835472
471446
-774194
-448811
-383632
-207337
152258
795088
-382812
670051
-33859
7802
716804
701374
-771409
-293830
64773
-892726
197086
-458440
157593
486522
-718458
55432
502076
-587494
-911184
731526
-439302
-533170
563378
366300
-590918
-13220
501476
-899357
-820664
728924
512055
-813549
-80089
425271
-108765
861098
345811
-6568
-348764
-691921
295970
-341030
-63246
-607287
915271
-199188
371450
-119976
-849175
-47524
-874533
565693
406281
-629895
885658
403719
800405
84977
613736
-359358
304459
944025
-398652
899305
702382
-4723
833002
-348497
667658
-210723
-342843
-531385
155592
-558578
-958308
480831
-722938
-972239
-894303
-318884
151299
-405419
-657434
-704486
-145109
-765594
882195
-118985
376626
-756275
-4407
521054
-84534
443173
591902
126500
856740
575239
195191
-761954
-56631
490109
-459228
-156862
-893558
-601523
227909
-868814
480342
134722
-623131
955990
581520
695121
390611
340055
-801455
78791
211661
570736
-473202
509055
609400
54162
244092
-610986
-402899
-509355
38368
897359
753709
-305848
-460941
863724
-661156
-820884
-483816
126849
878703
-369603
-143969
891403
-389230
638635
-888375
894001
817311
-379286
-117173
446587
534250
389352
925015
-629983
-451485
-197216
-9389
757782
391241
410672
-376315
-763053
-72080
-13930
-611214
141867
883846
-549514
-159987
409581
-262303
130424
69937
-614433
-790550
-533836
906544
-240590
38422
-786072
205433
595175
669677
-971841
-27771
-936942
840653
-147307
-162321
-732159
-726610
893968
836834
224021
-343575
-735662
-984892
285001
-937577
-458976
567135
331772
79787
603942
242261
617013
-193193
340011
-950984
-454136
-916122
-380368
-180641
440208
726862
-75696
-337905
-168700
287991
-214849
951290
569010
-694793
577727
682895
-676264
12813
3058
-906205
-370015
-100463
826872
-563318
500037
-355409
8162
-86863
42640
-565584
837512
593858
220912
831809
998985
271939
169346
-464317
963333
-153879
370638
94357
-149276
765976
302657
897280
570580
110790
-835466
173576
609736
-476306
414308
-880091
836714
-705930
-914201
-141434
136460
859212
56744
365389
459023
-11589
375783
670461
356640
-999029
-472494
-347149
688797
-130953
-3547
-700455
-78617
35676
86404
-635205
943920
-162303
548478
-163162
-70669
558994
-185302
133360
452978
-740769
-777052
-505369
-441527
523124
-802982
-895865
-191360
-940763
-251872
-646017
940903
920047
848063
301157
-56032
842216
372115
810391
-939627
109189
-382805
-243862
168735
-647933
578527
-604148
-342104
-879797
-671802
95305
-277686
-420378
-587490
38516
764461
757381
-324506
-752565
-109183
870051
119377
-673008
181441
-422476
-155545
857150
675249
-13597
930469
-772476
701301
-257947
93344
161897
561797
15193
-785064
328814
-156626
296748
958428
102157
964731
-132525
526685
-133044
26250
-488835
935242
-379981
-450309
-129910
-741570
2569
337505
832646
528449
717882
259558
-893463
570421
272527
510951
633617
-283866
-718724
589233
-864899
-87192
-78655
792741
568501
-13172
-70337
-571391
848932
-574270
-18523
337965
-55024
990379
449144
237263
919204
907979
644469
-840717
959082
313808
-305237
654302
-898778
144547
853748
-257441
-343536
-7487
195528
154787
277747
-303582
-805485
-99371
728560
524383
413802
219124
706972
219261
-206258
927379
-246142
-157864
57230
-677044
-23818
746777
997185
-783380
747003
-902496
-26977
446639
-393975
-218828
-987311
-169925
-613350
601876
316812
42775
150344
350644
54228
179270
343077
915292
-667709
-300581
219854
26693
-86839
775913
-279779
-244080
910534
-649519
-334987
-758995
-859780
115433
967238
791688
620841
-604860
-981101
-504666
861518
841938
732140
805858
865784
-612589
-694988
-689749
157370
592133
-961523
887145
-413591
-129762
708336
-274436
-827581
-833058
-600717
754301
136566
-791860
211007
-542683
186471
-765050
-376132
396567
58228
-435784
-562707
350131
47888
259501
-641388
-885097
-916090
14297
-254071
796388
-593824
916819
-379265
-195525
630354
-261423
-434460
864692
-588877
-430774
-244417
596295
-139208
-590746
796612
108502
-833924
-580553
-475201
998910
372236
983915
565160
-662345
-153793
559104
600569
902316
223996
-189402
238605
408903
-565133
947061
-957982
-494028
687048
769256
69424
245553
859958
578595
-949266
-271649
-774679
-454797
-610560
206975
-183403
-667318
412735
-590040
928871
855355
-895929
-923967
845741
-452110
-978579
-127291
32492
475741
408297
254631
364823
385220
-213294
565108
-85787
429450
-131036
-588723
911393
134592
741681
-126997
194945
779992
737707
-209690
-976746
-337109
-609860
1547
754746
-428563
-2938
667741
-97368
-843350
-751958
336943
-532264
624453
-762244
-836392
-345957
955768
-595166
-663559
476544
679380
-97738
-385373
-117715
860099
713414
798266
-490813
-908304
-435705
532634
540564
-42123
905310
730290
521923
-154329
-137395
556837
295481
-396700
-914218
253857
-78698
-563457
726313
51051
212044
62836
-221093
837912
473771
-528519
654675
-534100
214533
59902
-516563
402433
276050
-133334
-560752
-365179
138113
809527
729582
-186437
-718679
-659386
-753355
-417308
728141
-632134
-212862
947023
941686
-589465
-24205
45530
663550
-59872
-885655
-783216
285419
334341
661281
-961090
-147448
-22542
-965326
882737
637299
14227
-568811
277897
-929404
607807
207995
-137302
211305
794812
-809655
-899086
149483
941550
-186505
305448
-112577
707064
839507
477447
-773237
-931973
673801
-349467
744572
955511
-999332
-126609
539184
735811
-38740
624500
365890
-350371
-612537
-363996
-656809
-734812
485884
433007
-210446
-592520
-371239
-516749
268900
547314
-977471
-283522
618906
987377
10153
-605175
-885693
769383
377380
-302497
-768015
617366
741627
822478
-981618
111109
-669237
-787895
-950181
-575352
593658
639868
260623
823318
145155
462588
-775515
-201683
-150671
342677
-863128
-38344
-349650
-125202
159886
-251293
706754
-25608
-60489
515816
435303
889341
-528711
-807575
-372690
165139
-813026
945508
-259993
-495213
-482112
-735968
468213
-891400
526962
-375780
-305866
-683771
-408053
-195971
809643
112035
-174294
208201
660516
-885524
168772
-638123
743681
-304849
-688026
472763
-284576
332732
642880
122086
330488
-999772
20692
-735230
113967
720332
-74929
642893
198754
-777286
780149
58275
724965
-916489
245628
135335
398052
661933
281120
-232505
-91399
-297089
823794
-895769
-68063
-470417
961822
-412952
-154028
358874
764785
72806
333537
513742
690478
210042
-777967
-716118
-858838
350186
361434
557138
-869377
812261
331033
-28947
406231
827394
368867
-301368
-326390
-264676
764127
-513507
-150426
-537469
-613729
-13597
364050
-810966
-318016
729826
-735768
926321
-5144
516767
-372365
105032
291157
712785
746505
986352
906169
8502
984773
565412
334461
841603
351618
71571
-54213
-226465
601005
-8142
524504
850621
67286
-409153
135508
-487862
-973037
451859
-907093
650158
691733
-840502
87258
301080
-431740
413796
-637285
286332
-271539
189830
431245
-840694
793273
247442
-961325
69863
893608
-563060
-440396
688809
155043
147662
-637369
140106
-237469
-410095
78021
520354
-8069
-690497
749663
282615
-170927
-383571
690899
-911789
650210
289941
387520
145238
23829
587736
-934223
-817897
-51285
815768
-156106
852448
814612
670836
968639
-882863
931574
288411
-655306
525811
-376609
-301748
-149022
723239
84577
271642
-323490
-465625
-141790
-360695
829760
-16369
-695612
-661852
-495263
-260094
673898
102563
-749911
999350
-381750
690492
947653
32234
-347710
-702542
-365650
815143
-965052
374348
-302093
437369
520881
794403
202878
-726989
824307
849683
-237955
-116116
-81522
944292
-518390
953238
-834692
516254
806334
830569
268018
-328105
486824
-529304
-432071
286324
-120986
223046
-609122
353759
-822255
943841
-552810
-939936
426451
-522432
857193
-698821
949205
769501
11971
207246
289415
-673554
970765
851927
373324
526378
106292
885757
184937
64807
754801
-818677
433018
976069
877915
98782
367218
-899070
-946949
-372443
616758
865062
90562
686035
544434
-373071
-890396
676191
-442328
145909
357191
-763803
8102
-10731
310984
-901019
937305
707709
8910
-671414
578209
581368
199461
212541
-238684
-864912
-834896
837851
65475
262705
-831566
933086
-402167
-95737
421357
-696936
587703
689384
134777
534408
-792544
613933
-630402
653981
-415727
-605892
91069
166894
-321686
-593138
251003
53062
722174
-177699
-528496
-815773
-622112
15730
608717
-519648
569618
853457
-642633
536908
226693
-405227
-395619
-388396
-280034
815233
-228420
-864919
535253
809007
-989240
234180
130223
644653
-738247
-505292
864501
602964
-198482
-647699
-369239
796819
-915194
702431
732702
-412017
93049
13818
-39261
-35302
-848564
57114
-213003
-915512
706745
499772
825588
-475515
47965
643790
-489912
866250
661656
573471
-890850
-86758
-208433
-148844
574523
-298661
-783868
-167087
201854
-822844
-296439
-931025
541611
-397331
726905
962869
398828
-774453
592921
-349074
-5327
730403
140406
-527338
-548081
-509119
-230398
-795028
67997
231325
641805
-206371
773547
-19944
71097
218023
494648
-133009
140945
701519
-152855
-408976
733608
496030
850368
-72777
771361
881776
805943
-627129
306312
-719435
-315923
543417
329935
-8615
-308302
753772
387435
-159285
-6973
-158507
813053
-95518
536951
950622
930400
473772
465718
603871
-173120
97617
-9137
-962293
497813
-832898
-342986
-129570
967332
-10829
706256
266832
796829
458094
626148
-432892
-123033
392589
839818
420267
73717
-121381
-207701
671294
890933
27829
-413759
121120
-262747
-534745
421484
745267
717415
-682279
886396
800492
-779663
-481274
-770818
162999
-789956
-157471
479635
-432608
754356
474716
840599
-587285
576505
980569
-684773
-991713
375284
136790
667418
931558
322784
-931672
484313
-748127
-961536
-124284
-570041
-878111
-901656
-308284
-12169
-8860
-15365
-165555
328008
-247653
-111118
263064
-687748
-904186
557575
-855149
-222455
607588
795209
855913
-925293
-636103
641565
-956626
-312615
-516456
-64018
141095
-23677
218548
-964808
-501854
447974
185172
-385094
702383
-164406
-634324
622297
357000
988843
427583
-978034
-6162
-847835
-618900
-714398
-834844
773771
-184002
589157
-258160
-101274
744009
-183216
719695
-557543
390218
-886654
-65160
927765
763856
-679632
-408603
-664166
671530
706312
-686363
792989
-820112
568135
-704612
620679
257454
-469336
112674
143801
346802
548563
579669
-927806
95044
346751
-104214
162973
198728
-947295
521348
-710553
-595889
267800
-377338
-819024
-965518
-592318
-149832
-569455
376263
-946716
-277444
-294343
823920
746303
880745
189570
-947684
-410285
280261
-978573
-773712
-917606
-13755
23832
-428514
-810405
-233257
596224
336228
-112936
-981199
128295
-515358
-26511
-82750
613986
507423
-808949
91422
517972
528338
201466
-599443
-797392
530836
-123242
339430
224353
548421
210990
-234364
-842773
-468514
-496295
303555
-109565
864562
210501
347431
-443892
-654607
935010
273503
-827844
-765274
309943
768156
-690939
-141105
822057
13950
375189
495139
522961
-387296
-659589
592309
412352
767704
-969695
-714613
-805050
-362123
-776798
310743
819262
671643
847332
365260
538507
489354
45568
304503
-909813
-676902
-56491
-511814
534557
-474427
-821269
-377155
-674949
900700
993246
-198868
-117253
922544
460653
-665280
-215447
-452201
670112
-753895
153658
-363709
355567
330157
975118
191259
701657
-486497
295501
852941
593651
-46790
505960
561624
-423741
-765014
417339
16522
-638896
-603813
405286
-758504
-452166
349693
-978997
385316
-190289
-487952
-372630
923845
-654009
-247807
-253972
-73676
403174
358528
-502539
465004
582320
-7219
111648
51652
502019
338518
-43694
571740
-656955
203013
-51681
-274337
967261
-476006
-426677
3173
598697
-675508
-769047
72403
-588978
-760730
-355846
688081
-734281
-125869
313363
934492
37684
674901
-934470
-448713
-915856
-421141
307215
-773981
-121020
12876
-658542
152882
-21793
917246
-918066
-777880
364272
-31446
559904
253583
-362491
-57084
-966616
-217214
699016
-715757
-800885
632186
-785833
-804937
912665
-371258
637953
-222113
-632117
824532
-281140
-882498
-346352
761293
-23329
-188231
-499161
316408
-290063
71108
738533
535780
-250076
-355242
148325
-799440
-610253
277265
572670
-12232
-890010
854760
325744
-74675
-373876
-325643
-705560
-120650
-168987
468990
-922770
331512
-308933
214022
-400634
-701259
990005
480387
995581
-161451
138887
-307469
248768
-464474
-891307
743203
64399
-276721
-274742
-449669
-429550
-794424
-268111
-638380
-595036
413394
641719
-403818
-273567
424854
443736
-700082
-351740
560912
-295075
731838
497133
-771837
-841691
-956096
669536
178844
-542048
819212
-349533
757306
-104582
-802243
519153
659695
61487
18432
-612403
-194386
40348
-104100
-996558
-461241
-613658
-314586
-676315
-857477
125283
821637
-425869
232981
233657
-325020
-398102
-348620
-161916
56989
-147686
407685
-260501
632076
391018
311506
-896870
-602709
316157
-978521
-963755
57791
192045
417494
-427601
-560643
-156543
-425909
445608
-752677
73531
192208
7962
209590
-200532
559087
-629895
-245110
357658
546676
-440552
313988
561177
713640
184219
-689464
129541
485413
-584722
-191677
205981
102655
-833165
-141246
-686189
-563276
969003
960465
-844056
-302373
-660998
-285447
498039
-420943
-750871
469059
264349
-383527
524307
90023
-392272
-382641
982755
655147
-886705
-715565
-455179
995159
-93105
-89918
-905836
-691216
631090
197687
-731025
-479679
594725
650346
24076
-7212
687130
786941
286006
-475250
-274575
778332
-870117
-871512
-563711
-870270
-472804
-877294
-441248
517392
637454
979019
-242759
525755
753580
506950
-579374
-432299
-271511
84478
-323833
432343
412879
298159
-759753
-749908
-648964
-58963
-192634
572709
-55558
-583267
-520012
430587
-944412
280082
-133897
-730515
-563528
148631
-741765
549497
362228
-9481
-990127
-29597
97299
74278
-285747
-133505
-27559
-358727
-596236
337544
-636640
-977063
-615376
-37029
-235874
37221
72059
-502614
312315
96841
5884
-378319
-601603
379976
235329
-402305
-756832
-884267
-55675
637743
-855126
-509169
576383
-500552
223065
-172080
-816790
733902
-727359
157994
932905
-30328
-854403
-776974
-554597
752589
317493
-443603
172669
-749594
777979
-140280
-76231
-760014
-742455
-931753
151453
-928448
89645
488726
-938365
825885
518196
324549
523433
-744076
875551
-39209
971723
-750878
-235883
949625
-144109
-56174
621535
-687858
-683979
-285190
690493
750289
535495
262476
-299287
611163
940091
-719290
-615760
-6391
528663
897999
-602741
22289
139789
-11002
-980252
-347943
367687
-672662
545152
609212
357404
941314
679623
809439
232346
544222
35072
-545588
383852
593950
857966
119352
-278092
-329474
960415
-916378
200846
173901
-852339
-186244
-314351
641434
-577373
29354
-488977
657163
956828
2351
-847067
516590
-75871
-703121
-960215
-962858
-345067
-589213
841878
-536261
133244
-446770
-398440
-72191
234689
746888
602556
335775
560713
-893430
544964
-933388
649176
628946
331013
904928
156684
-186182
270053
930903
-921158
-782143
653067
-165495
-951812
-331737
-546148
825217
-688828
-564650
-233041
-917193
-679849
-55099
693194
740808
-327671
-265843
117468
685602
925392
569219
-422709
326700
-690685
-59790
-758552
-58862
657138
-40479
-347144
811810
-485249
-493522
471556
-840457
-76984
583196
199697
-499324
614762
-490272
344165
455525
417781
-579138
-923006
36914
-837346
-703419
390923
280771
402682
-581859
-884665
-620216
-793523
315175
-965255
-621869
-633284
-964370
-27373
-659803
-888815
117714
-878325
330298
-325828
-77095
707415
237213
-233452
772190
431116
803281
507328
702189
-635758
-742914
326886
374900
829513
-576112
-823413
-866246
477776
406725
-693483
-254394
637250
-869408
-822811
-552239
-713592
-837971
847711
-975783
-656607
-396283
253947
874065
283306
100578
649995
-224902
217161
89594
-598901
-88219
-278849
-586833
766332
71938
419327
380248
25011
-722266
-787165
-58568
104694
381650
-78079
-42322
691940
-533280
-121774
-326052
128802
-430320
-377122
433727
-265450
231059
-358181
625663
-227862
930502
-904539
602807
838571
934698
953807
-756159
559168
-69396
-134998
-599853
-355621
-223107
-92414
-878470
865229
-590355
316912
-94588
-119668
964658
25704
738392
677740
-732848
-357414
-493937
-144820
810637
431651
336730
706561
992602
900216
62342
573791
361208
-168893
852794
4723
954572
26004
-621857
-767347
-653378
-866963
993983
22741
151771
-435394
184659
-111961
40068
119788
-877407
300191
192986
-401926
-970456
-858901
701570
-488810
973564
-499026
-39522
-313010
489493
339865
-499608
-545062
-143035
513014
-718911
373838
-268418
-630524
-609510
-709178
-757975
999187
264781
361700
-494689
570812
27199
-874372
194251
42454
-843441
162276
871263
-374721
-50591
289179
-610315
-643276
-15802
763129
154727
-657676
184391
312662
89329
657019
-538496
-199449
-114506
-133142
-946864
911625
-432545
835915
341000
-989068
-138555
550566
44175
-451188
-415344
-537506
-26648
-672752
-736792
-674115
563997
381286
414179
585270
-462357
-810576
-701813
96656
597239
-134478
729672
24052
-810614
-750743
659970
-619096
-454575
966310
313568
288523
106245
-540145
-133718
870069
566783
223346
692353
-813417
690099
679056
627087
518661
-183052
11395
208648
-284712
-578201
-6246
67882
756445
754894
-68511
-174358
-761095
-368869
-749275
-731342
-141315
-656571
-963253
462332
-356765
51889
604929
-476871
764277
-237305
721663
-903495
622829
165625
902176
-772173
617007
-976948
-887779
-622342
341079
-852443
550299
-556812
874733
-565996
-889618
535266
-938199
-797605
434231
182952
161675
647933
81893
-247732
-534921
14561
837244
372460
-649422
-955668
813508
-571723
-393740
857699
780788
-597269
184996
591544
494720
-290135
-405799
321689
39141
175002
118191
-157580
-955
-488503
64793
544079
441390
558966
-236611
910762
31810
43055
-517568
-410890
-213900
347175
371657
-931387
24253
714420
305297
154336
113003
118726
-506478
-931509
171523
475747
872897
-133789
475869
704565
-818511
883055
-906663
-710624
810455
-595944
-619089
547477
-438107
-730378
908258
-838222
664338
-678876
339118
329211
-989834
-219027
-58365
-219068
958990
-156890
-84076
690685
919214
803820
-591642
613812
413135
311885
-676437
-674166
-811494
-280275
-620145
-510328
303400
-418055
327536
227666
157995
703142
495404
986077
-765974
633489
-155853
586407
694829
-130102
-935206
-233968
855348
590768
771532
463918
-58974
481458
-523462
405
-608895
-319402
997322
-459803
717247
-229827
955685
-431151
734670
-323214
469408
997565
523085
-602631
896191
851555
814373
171840
-32884
116143
890179
392760
159803
-799488
639617
446038
-638334
486601
-222947
-640864
-862040
94805
266653
-698584
246436
-890844
-406872
559794
-690943
502703
193536
-155152
237167
-152060
-59269
-475625
944778
689987
-581015
39287
-212588
-997695
794654
525544
-714906
100296
941872
870328
458978
-154375
-824544
811274
-995787
654937
949704
18700
-618416
-375747
-914686
-327057
244502
-852826
910217
434972
-336374
-527263
-268064
-933024
-470986
-133393
-40656
309763
-753754
98949
371827
-496900
-207314
541487
713339
-287297
-869045
476292
-906839
220449
589160
89106
-984743
-838447
-783112
351675
537654
861851
-301952
137836
-171578
-352774
-364061
-257380
619958
945732
-914073
-392100
-334762
514460
-296967
483982
-5294
-571097
-988907
-632785
507353
-346388
-614353
786208
-358281
-678735
-134435
151366
-514262
-564810
-265407
613583
408201
277204
-808890
800637
-913981
-304301
485938
-566538
160690
-62733
-243705
312327
222015
307799
481697
31243
-82862
-792496
605548
555893
426662
-572929
-217836
-325916
-93853
-360629
-966491
-244498
702197
970766
-548649
602247
540057
-299958
733794
526588
-901124
-825047
-533053
872215
-618784
676496
965189
-412502
-443769
-619470
33879
-36112
25237
-718139
-134467
229842
411691
912164
-396163
680321
888288
77533
852682
27837
734693
198201
548726
703360
-619945
621113
357969
585942
441591
-910077
105701
-115762
432175
-125936
-878385
-158239
356421
413195
743955
-208028
741461
949274
-856755
-792437
-722016
-524956
385680
537335
-264466
-113753
424818
-480148
-361590
-371696
-665813
202716
-861161
-220267
523955
-324090
-891273
-842282
205820
841010
71891
-215905
14610
-839506
-982627
505098
-344793
163420
-947659
-484423
-517861
522709
-80218
229466
795030
-213412
585940
-832763
811492
812540
180114
-877003
710437
-990514
-320732
-505036
579315
119690
-635686
-178425
-473466
-292403
-333417
-615821
-957655
611201
79023
252578
-47422
65820
159944
-911133
3942
495486
-547746
790234
-439443
-344918
-244623
-535445
519107
275203
-274475
234873
-256382
-640815
502824
702740
856257
280558
-361570
530872
510095
-187823
-41835
500581
533061
-629745
321748
-268377
405789
-493089
-463544
-645210
-833214
43676
386255
-150377
547122
-26671
892786
899472
-799452
716376
438414
594846
-638777
-209361
-23575
635906
-345047
-77204
-384915
7961
-148720
-188599
-256366
-804826
362820
302828
-610593
-247866
402175
202370
-278988
-307990
-723583
-284715
-642221
281775
-893646
223642
484806
-496462
-905873
979029
-452144
936207
962506
527254
848097
-557856
197079
-520581
-970522
99309
-680567
-531167
-459084
103141
608949
-658766
-126625
-968983
-306219
-459787
-985024
-152891
260194
50217
676078
163793
810001
432599
206695
-470457
928267
-16447
-254244
932144
62590
-335477
800981
790295
-631510
-984901
189146
-472336
-972631
-556894
948665
-707431
-438124
-621650
582608
145229
856710
247388
888593
892760
-18170
389341
693369
-373242
383848
11267
-559482
707703
-921846
-147209
-593641
577575
614890
-583553
461294
50243
-982963
-710484
-605454
936010
-782483
199258
-225633
427606
180505
193408
143009
808886
-392267
-344103
-607776
311756
103714
-380958
525528
314931
548355
-813034
408650
-659495
-300572
79712
590143
-723691
783189
966290
566916
-469652
559911
-372189
-835318
-592072
736458
334095
-835030
294109
115445
400370
-189376
438133
21157
809400
-529433
-18746
487856
703650
322282
-429557
-683541
846394
334289
11483
-142582
-445377
-740454
91365
-927091
673898
-611963
649635
-914435
772830
-481529
791991
-94530
669662
121811
653690
-314064
-540827
555406
-488520
702955
108970
746154
-578993
808759
861460
491586
992479
-778714
47085
-247983
667012
-226527
-349683
951028
845567
557690
-469023
795548
964913
-809204
-231175
-580016
758960
209803
521199
427986
637884
-806969
358231
-525922
641638
-480000
-648216
116163
902716
207153
-223121
768374
-705856
80592
-554920
339805
777691
-850266
-209971
572134
580782
-956290
-517013
515410
-558739
815383
69599
-765938
-233300
-830322
256365
882920
-982624
-397032
-481831
287812
276826
29057
795606
559583
998664
451452
-533498
769630
-18130
88475
-784586
416782
365991
66249
-223076
-715329
188222
210053
-143669
963869
-63760
380821
-858953
424725
800428
-304644
-276377
-103931
126523
602071
-430634
-621668
876035
247820
526675
513440
-916443
-625164
-839741
906585
638602
378761
-253749
-429527
-689464
-7207
-474974
-182761
-692620
-283275
454737
-416800
-595622
820447
292872
-659107
93583
645278
625541
-171064
-470325
-68716
-803736
133436
371590
981
751479
258536
437418
465923
946609
-322660
527993
437912
-526125
-272275
362779
-873247
666496
-368998
914559
758010
373338
-358697
594622
727548
698890
590325
919550
-471659
-214018
727252
-840972
-596641
979832
-835681
-259693
187152
-990968
700741
-854270
-1715
979486
-364284
572376
-70732
454635
542823
-332968
-317754
642102
-243860
426843
-846822
-431094
-245328
-890393
797343
109368
-894356
530178
279011
405442
-180188
-134709
-389737
-87288
-943708
787076
881477
-955961
-410759
875439
-224136
-101467
337218
-904283
-910727
-762268
191563
-876460
828522
-670214
241142
105772
-425811
297424
-38699
203425
581037
-772224
-294274
308777
-856912
155443
20874
-632830
867776
533612
-811483
452433
85140
-62634
92600
-463417
-339805
-496306
479374
-197742
933036
626189
-347228
308458
-638837
-968216
-687212
-112935
954821
346038
-734657
660386
-319664
97557
890219
958229
-154406
-799256
846580
-617944
-81718
-3920
686583
-732842
-227620
-221625
-886942
-237898
500734
-41125
585513
-75159
-710937
478820
347251
-334790
-972634
-514672
-479159
698365
-758982
789587
336952
-245829
152864
879503
538538
532090
-192111
699346
75323
-243696
-614066
-229158
409164
150987
156451
881070
-689714
789091
727843
285744
-257485
-831416
896242
224116
44470
-391614
186341
938535
713454
375403
988788
678420
998429
164423
-53931
394470
727696
-217588
-940373
848579
380985
112594
-620117
-181294
-713191
-410330
-33599
-32301
145672
248909
698113
-691209
951170
-410362
-527132
-688140
648343
-302697
-428628
-835594
-693034
177046
826640
-867742
-519958
23268
-524445
-657868
163382
127985
219441
57388
666783
-727484
391807
-841433
-157590
214659
-189872
544528
46024
-953149
226424
996823
-142639
-50498
-546979
-330160
678622
447169
-557505
-263105
294118
-372654
429837
-82354
930028
-313715
-255048
55905
347339
-709520
-250958
298537
-618775
884449
-932856
270192
-842073
-619083
-133236
568412
-827247
-596091
562006
-589460
-878760
305039
297377
50968
-690991
687142
-286416
-238980
73998
186366
-486989
845787
-152555
-350287
-866891
-101154
729168
850384
546512
-483259
-655006
-643433
-749957
261126
542561
-981709
-58269
258032
-173190
706457
526530
145847
-978867
758059
-77547
-323989
511335
146764
940025
-29091
178219
-419492
999716
292717
711417
369664
346530
404701
471029
941586
-579698
-909577
-571961
504377
-189915
-561136
-679946
-151063
749839
-335244
608727
424672
-728457
930446
647858
-365026
597212
-40767
411123
302126
276545
-198077
-993366
451141
284380
-717681
912903
-987880
-46695
-506937
577598
-515275
625117
630838
326157
-407775
-455038
555487
-500510
329823
599538
648953
-500358
-580269
556493
-379869
-671346
633864
169844
-955698
-453632
-638043
-826125
795895
-636266
128633
-176658
185115
-775741
401346
426555
-488326
-862092
816345
50780
-51330
269079
-822367
-648171
-569676
-803880
-673012
465002
-744916
-841063
314248
-423259
907680
735715
-804552
-421509
-925648
566409
474090
36132
131794
-555493
-383767
-978606
506919
-669324
-342234
197183
-75529
-192976
-738022
379316
-727182
-566166
501706
-822826
-724198
-481716
468353
-575489
-994582
-735885
-104512
95501
383812
-957887
768848
323291
-760041
-989700
272106
-643938
802589
164072
-956719
-425746
337819
772668
-630476
-305891
169091
23369
-707652
-192430
332946
162209
740997
614349
-67964
-700818
-975099
-934516
133292
514612
-228639
671636
950853
-545617
-318519
-54062
-732004
-53341
-65206
412469
180216
-283901
-339079
512864
518247
-882053
-383389
601187
-224431
880462
-762338
-721417
-3749
-587123
230788
106887
-778735
-384432
328306
562811
-342013
-436450
-570250
391812
601697
-742129
89391
844689
501190
-52353
-492246
-711934
655014
-328803
-514996
-472707
399316
-232125
945909
818507
-268715
869334
700381
-949824
-34960
34169
584903
396557
139222
-534969
518975
107411
-118331
870193
-580996
514344
-515173
477406
-98131
-816125
-474313
948529
-428821
928693
-557136
816992
-374103
-677699
947662
-647962
670252
-250270
74425
35402
776692
233629
742012
-895892
-680717
726133
937743
-313506
-980753
339910
332064
-271975
829015
-380293
174203
664796
334681
-620893
-734956
180600
340042
857703
110980
-101632
-329539
-538320
955814
-867960
-3522
843325
-650629
-586970
-827933
-258921
-137901
-790051
-71641
-6517
514881
993086
722354
763385
-101954
217396
455807
65087
-104150
593939
-716145
380313
524713
-525267
504139
-252620
30912
-275622
-313659
-474824
549566
571627
544053
511790
-240725
391254
-916971
130499
-742252
789417
-392868
979297
-607791
-470559
9136
762966
-730285
533647
588291
-147142
413088
591067
-892519
466679
-693199
-546479
-443108
-724615
-314309
504052
-382157
504187
471246
40897
279554
-483232
-510210
623085
-623923
515002
74835
408201
-50988
171069
-818295
-438899
-330650
-926428
307447
-535253
314839
69554
825685
946082
-231827
699364
75809
158007
94927
-79646
142829
-924288
-326559
-94872
33105
656577
-453504
628680
-211404
-110428
67088
-233285
964786
-94258
-566281
336540
764309
-126182
9614
989355
-195808
-772552
578867
-710862
821766
-863724
-527552
-791657
305655
502926
945934
-624247
74460
971811
408167
-798904
-715621
838545
-130288
3241
-125272
321995
-336445
-41274
315125
820217
-138394
867088
-649738
927201
515263
641986
542857
-801929
279243
669217
-848153
66349
778247
106884
-21457
-56248
151884
937001
-61268
-47520
733832
943288
193436
701674
-126419
124578
-370879
101271
-79005
16723
620707
735706
830073
-336755
361778
411626
884491
-860818
-19945
-985923
-280083
-432384
-193014
-779820
776481
656398
728043
-475445
-262550
998257
130488
515243
878901
802944
-552541
378225
-586258
-530657
885230
957418
727046
-371844
782786
-93510
-748914
628012
378391
-98087
-105457
651689
230547
-637754
940426
-674662
-267707
-916760
-788886
-238992
387934
-245416
906389
545290
780586
909738
36834
-966457
-716456
250097
-151113
-436933
-202424
-454527
-699210
170295
-517499
70854
43569
116431
192897
976986
874682
35809
-952967
-97411
-812282
462865
380357
-312149
320824
-837066
712674
-382754
-452176
911663
149181
771021
-372072
-805471
694785
-440670
711604
318054
-939520
-741745
-270375
-879583
679613
-538739
-997067
73286
97990
-638813
576055
627987
228759
814564
258078
707752
799760
667274
-56203
132256
476024
-11472
-594910
-374
-117929
-394548
-774939
-51860
-292695
47577
-657301
62427
884620
698506
710697
772823
764412
785301
-693266
-587845
472835
349546
-43274
286138
327127
-315857
-984844
842081
-312923
-626968
268264
-501000
374905
-643646
-712152
-589335
-817571
-909056
-991214
-831869
666075
598348
582529
-226581
-555153
-478329
-656506
223156
31170
51862
982531
894826
758138
-480498
-136260
233003
-301372
941283
559518
517585
60934
-99760
-311228
-919535
776972
-270984
-594296
503991
963788
-137739
-708655
-873297
-314618
-320561
-318987
-694266
959272
952322
407577
-450838
809001
887070
-194179
548305
-411949
-326646
152195
741670
777433
-930243
184374
-972238
563412
-238802
-962510
-911047
420726
-417160
599753
432229
82031
-254380
-322124
144630
363232
890267
-826675
-217458
-335608
-609422
620886
527846
-371710
571490
952578
4148
82354
-422174
729936
368574
926102
600099
686433
333197
633491
291867
-321066
-487241
-117465
-52694
-243880
315276
590483
-394978
-281252
508818
-294651
-463515
964990
848058
161809
705131
767194
730503
436538
206163
-315014
-638411
510287
589347
34770
-212156
-8586
533948
-243347
-486371
195553
-579783
253476
902816
711777
945604
-351148
507715
691351
241931
860035
-834604
-863590
-12277
-940647
-801831
262835
-744787
-991360
476935
275920
-876072
538330
-194529
-391645
147521
781923
758545
692230
-149081
-772358
369801
-983326
236877
245325
-52458
-39497
-583864
-572544
924098
-758559
-119434
942615
-939472
-246616
-172074
-718956
609021
-597522
161653
942404
359263
-688700
755223
647783
747704
120141
371392
528642
-39281
-409474
-255823
420681
862689
132807
-758164
62391
112960
216483
874908
-771559
773
599187
502087
-290637
-983661
84333
-642998
758907
862860
-620496
192160
-254008
72536
-190431
797452
521111
-408354
-765149
694929
539929
739516
798463
13378
702966
54485
-290995
319368
-51265
-580723
-919711
-595139
-345220
903244
-96337
-315872
-379529
-821251
-62967
-185095
391994
703415
-361550
-865823
823329
-441963
692555
-795959
982183
79632
838871
-174310
22727
-149562
-165635
10334
163184
-245986
841574
509706
473503
149876
352318
190390
-306378
-375348
-986285
-998099
-658271
-807205
188919
245131
-851021
913939
182662
-27037
843938
-142056
817821
594081
-547135
-402078
-616465
69053
-314218
968438
499665
-498654
-659750
-860474
492849
-820023
-896255
-706643
361186
-308352
-609389
-454231
29520
227474
463173
789860
-521269
-100171
-589969
580032
871651
-523469
639261
37866
380526
281986
-454815
387755
43064
422528
131485
-414292
627877
993974
759876
911983
134891
841302
-283606
-511368
691472
887795
988534
-88203
395992
-927891
-430199
353285
-970110
-914487
-513109
492
190207
-479582
-349271
103944
755525
645173
785646
-451203
500309
209828
-657561
-751293
86
980831
-506557
191306
806745
701339
284939
66129
-103196
-797359
803426
-127761
102003
-428877
440473
983208
861437
-899617
-235011
-609960
-378476
-751032
929929
452571
500760
157241
-531095
-636329
-74653
-133343
-742810
-818485
-568878
77351
364145
619067
-940156
472712
49193
-898226
225050
-622224
124302
383443
-488828
-821371
-427220
-451787
-424711
-749412
179765
647403
-329983
815693
135752
308977
-788085
-857598
819794
-310311
320594
-766031
812324
200071
401467
-199165
997719
-774758
476551
-585742
-326372
810439
812319
-197578
-214433
487857
-344661
-219549
276267
617005
278544
875244
-236753
-844429
-138496
-867915
-265276
801965
78478
586058
-607767
720056
193074
-582735
455791
309701
-357516
514426
477560
343612
-740288
481545
838798
-150299
755946
81164
8752
646559
51049
143789
-22914
235640
213940
-884641
-554983
920785
-124661
715265
631702
279758
-590842
-670177
985278
405991
482638
-256765
359504
-836273
199398
-299028
-140139
427848
-737292
695827
27402
285048
54412
483043
730343
199572
48064
258242
507253
-218497
-948646
226783
875647
-38359
-722188
666263
25518
699089
-519321
-545596
664150
561988
387286
-557207
-645744
-44686
-877709
-540711
3938
-820219
531043
66493
136708
-922210
-243733
842388
71061
-167387
-629453
729827
251889
-398242
804948
-982846
-232286
-527990
28233
-468
-120951
-718031
-521431
-23754
730898
147151
652029
944756
455974
102113
116984
237541
261866
17297
-134831
-506200
152020
-669128
-290491
609047
169020
-594056
523754
477349
-753826
967467
-793613
564858
826766
-171993
175876
425442
-88556
283451
736781
-548973
280479
-9232
-510392
-441155
-687980
645325
-775620
-176193
719464
629352
-119632
236899
-166143
-763077
659516
544461
-268031
560837
586818
505589
151879
424430
955533
815580
406542
930665
-360215
-808515
640021
740555
987040
-284527
-130732
-964364
119734
-625584
-138795
-973073
-541636
406888
566323
482709
111157
246421
476632
-524504
-832783
962781
-81706
540152
-153116
-649737
-831449
949220
-785264
955568
737375
14743
-276542
-728168
-316328
-478471
-900142
355100
-960723
-607897
818173
74820
-500869
99405
538871
-260192
615492
61681
874166
-972095
-22659
-617315
760507
992639
-629560
-793833
204604
-327429
561349
633883
999815
614793
-643553
-373816
707128
-131445
-128433
-667352
228261
-247469
560513
8067
84856
-78119
551777
-317677
-860051
926347
283753
546825
476003
972933
386040
707299
314089
27626
-77625
765205
472576
943657
314497
-779353
928469
488465
838230
756868
-360733
-239750
-785183
-468818
957023
842128
-620437
-155136
134243
-503037
-181084
-267751
-897422
401415
-834003
927286
-626763
-799262
-76266
-199016
-429396
804246
-210161
636794
-178801
-900832
-987158
-354781
-42551
-621557
437142
-382670
527571
214579
464283
260734
50972
105138
-470525
-458078
-116393
850038
838580
567363
884544
910039
321050
718619
585074
-633509
77083
773721
526828
684357
823659
599159
-559259
-420795
191057
-559914
-902128
-281258
-558493
419945
100057
-516422
-273021
-957434
184990
-569200
288846
104600
-477551
-647577
-491134
636153
-357414
468450
698586
98263
179609
549264
966307
-722825
957225
648410
289583
-969869
-722724
273623
464456
-819367
-116059
566600
947883
731266
-234031
-237906
-129411
186383
269999
-842762
960661
642867
676154
386045
354688
-749165
116608
984913
141358
772992
-895808
-787705
350051
-221955
-968489
-554700
-9417
717444
617766
-369225
416250
722380
318778
343392
-90889
-404612
412100
-238598
-344587
97479
809489
-550821
-240960
-607645
292332
-307051
309561
150186
464279
439586
66778
641282
-984158
745008
-938518
875860
-276609
-33212
-495828
-723336
208462
-895197
-732064
-481898
-309882
269244
635828
-734093
-324018
-210900
935815
-871355
25393
764016
443048
-893895
-829532
440055
553439
-121535
842259
-184448
117694
548964
-341679
649272
-690717
-661710
-687692
121526
802549
610389
-2146
336827
325585
701800
684335
328823
31274
595006
491365
-927221
-879452
905474
194392
732813
-455340
-671100
165579
-854152
-527238
-565613
280317
620180
-785471
-150410
-192571
-179362
338956
715277
-776935
13720
-520425
-995848
558804
556566
-262941
962779
-421038
-373691
-310150
-487324
1650
-98192
-391814
726621
282672
-976277
228774
-352037
-334336
800900
230764
-967456
329463
262035
-598411
-614080
-983612
-790682
389476
811357
-407872
388966
737783
-760108
-516115
-203255
416102
659737
945059
-714317
781630
-384996
-30742
773255
750493
-671751
964066
763293
-741256
461492
264450
866427
62264
-619659
-237891
-987961
-7964
-845955
-711879
-286454
158699
111916
-499692
10259
-545257
-519261
-172553
868549
237268
-675177
-775653
-152912
-309436
910376
937454
-766569
-267353
-110491
160323
480275
792986
-34071
-264928
-740116
645141
792243
230729
-590354
-215211
-242132
148987
225068
136458
834004
2872
-275014
617414
-554919
-810919
906021
-503991
795392
222647
-591596
-990960
-363136
713589
42403
-82940
-224461
-966114
-229059
341738
-124394
824013
-712623
-617179
890984
202192
-287505
-573207
-199333
-581777
123042
709268
-692019
-580997
997642
555123
-604412
710270
-26296
-674818
-589158
-921319
388504
886658
-184651
-920280
925255
-522409
127077
73991
853080
-831919
768494
758573
311419
-722781
-414521
-262370
-680531
677922
-797896
-891
580818
-509257
341777
-201946
262010
156822
641149
-395394
-99092
-481288
338912
136262
12073
723717
-107162
393925
336839
59035
-560641
-171767
-630236
471409
470534
-681806
791826
-53326
128268
-384311
-502789
-783078
348121
-58250
-915561
255343
94507
-458464
-381955
-93340
886644
228345
-759883
-74916
622151
131773
618825
5153
-695653
686440
665059
-967031
353298
770431
-823616
923458
597172
21736
994526
557749
430218
369490
918935
-847179
-637082
949037
549149
-899139
-658654
-407991
542716
-878822
-280759
276937
-636427
635558
-522731
-59200
-555455
-353340
182238
-150817
-723222
-266462
36296
-814151
877732
880992
296620
-973767
-465855
333020
305690
-458162
147373
45068
-484313
-445033
-154181
-670583
-87149
-155052
-491200
648966
978508
846501
-741356
469360
345882
-482056
-285103
388591
-228277
222766
-98165
-463732
130934
-63882
880408
-146562
20133
132499
291474
940420
-428952
78568
936565
-839631
-926493
-141979
-991371
568125
570769
-764584
586960
733594
980603
309839
-587742
428986
11449
-640297
-946765
616597
5441
475386
545228
578589
599403
-297758
897798
-267647
-306308
-946176
-109794
451851
333595
560292
-493693
635367
836485
208488
-373782
672659
-667223
-707892
-941371
-189391
-405930
448175
55021
416233
-912515
-911969
-629420
-947070
-219776
-459864
911641
-275080
1071
268928
-543413
595639
341038
934143
-79388
-925349
797004
297462
-199333
57102
-117589
-665982
907074
508468
153786
-92837
13570
40098
762083
-332970
177113
902528
789173
423436
327005
429517
581254
261793
-14365
674870
-430024
877213
-38116
927758
-205067
211058
202346
-510363
839383
213499
629455
-56929
561372
-869927
454947
-583466
-728889
901596
-362611
-128091
-395569
942795
-260671
278936
-670918
961547
-723811
-822122
-927217
533695
809682
653703
296057
179612
304580
111911
-182830
190161
-664880
-324625
50733
-276714
-329215
150533
74697
416118
-153093
875001
381333
895675
-944190
738086
82598
-589130
506811
557365
-512650
795821
-142862
-190329
178386
-87508
-992056
-977607
-935896
-176222
-287632
-997917
527936
-236172
-109239
609463
-915082
-477526
25
529308
-314580
557376
-541974
754767
453708
-964636
961369
-123413
-724686
715340
686817
79002
-561082
880250
249798
713791
-591405
379161
-919768
11839
901655
-769915
-883325
708057
185033
-818599
326946
203247
301594
-114736
-751376
345069
-638324
-371386
231032
405253
-812291
213584
358429
263662
738525
125446
189332
-927481
360582
763418
-372767
-72714
-323651
-143993
145760
968561
392807
-638706
991436
-249880
-684303
265080
-988050
-25742
905203
526284
-52323
-67639
532852
651076
-878116
-109284
-940861
395831
9442
-851463
489792
651591
758963
491591
-176298
-867487
38017
-422791
-50501
-775032
326842
717375
172114
798822
920628
894055
-540443
-357591
661849
-65171
587042
69167
-164872
-751364
-101578
71144
91652
-518744
385656
993445
3968
7067
-550192
545760
-653219
-780354
-366007
170097
-953489
-973573
689313
154609
-745022
-451090
-284694
228350
844062
-185599
-310377
-834153
907535
-190745
-998751
491601
-720613
529314
393526
809181
533062
-105871
436835
-597687
-492195
949763
921925
-126405
933245
-961798
610282
-259788
69089
293888
388642
-507815
241451
-307162
-235824
821124
-948692
-198968
-557437
-805158
973213
600961
-811459
190965
97686
307603
781649
-495286
688982
64583
-899921
864302
410927
-707301
-23788
110387
-57112
573647
63698
-682048
-566304
-775378
694432
324735
-274387
-597696
509790
849047
977508
-693467
319581
-269004
-976384
357169
-99044
934822
-604061
-358838
154932
368236
-593264
435339
415069
122518
-659165
756762
-495037
-150826
-516686
296108
537951
961762
-287111
-743212
709378
989478
515440
-807656
914983
-383549
-508012
-774788
-352969
804105
751621
132941
996908
-60539
-202998
135543
57685
-262317
-340421
-337300
3576
-918380
55226
-676381
-691808
627025
9839
-59626
-216920
845801
302805
-337299
729347
20579
856421
587074
587684
-609419
-107451
-184721
703093
430149
566424
-62084
-446202
-324198
-689802
406575
-388554
692941
782651
-237864
148283
581251
349905
722945
897368
-895849
699431
-198095
966161
-479948
316454
-631967
-28843
-827286
149007
123311
-468537
-836886
-348238
-550028
-340547
-962462
-352552
-591183
45408
730846
-251453
-461434
-450019
-8009
935686
271491
270666
116910
-215120
886021
-266184
136511
-172291
813320
-159078
661559
382838
-500673
-67403
465855
-768653
-397050
-819028
404507
103867
760121
845929
72898
-415319
-974978
-460700
444080
775080
-258007
435424
-193338
690389
-809852
529576
347591
854685
-581147
-306989
341392
-215825
437372
315070
-313137
-340668
-378108
796079
629647
763943
-276552
-3711
-681339
-455903
-968182
482508
498163
-304013
203578
403324
-674250
124995
-343576
997515
-341038
609578
932407
814814
-660355
-867503
962858
-333417
-847377
177371
894493
343136
-91367
-292314
158006
-43919
-896608
804714
-667359
-122198
269483
-102289
-394768
810601
97252
-660846
156085
-348910
-849941
-555681
212133
236863
-267786
-146917
305843
652667
604785
707314
-32647
-840962
-691717
-997184
-442382
373588
575274
421628
610895
461947
824126
655601
198844
-434676
446435
536871
633053
-455171
847813
-224186
-442733
-605174
-599836
-804692
-380863
-766756
-945215
-548955
-547237
-563070
837014
581742
-135196
786561
-443400
887163
-31946
-882308
-20172
-981227
635132
-29189
-4979
265098
649635
-552217
-166259
546945
58402
26541
137021
-672062
-887793
477426
-549812
682506
-901464
-469856
-464945
-285154
334255
259532
304545
-218926
-181324
-216982
273046
-884115
-637209
-815557
633257
558421
375067
497718
-512356
-276984
140369
669631
4905
204940
696926
-53505
325709
-939136
-592959
-800898
108849
-772984
568214
802996
718309
886621
318511
-639664
819724
-135144
809503
89593
561243
376753
446739
566547
-474049
-106001
467050
346275
884736
-242730
-623271
406556
616206
-584774
522035
-852427
-352512
-814744
-251432
126915
-671746
538143
-415489
961809
-478757
-694465
198923
-961558
913078
616775
782845
596162
667342
-9947
-316629
-992769
846726
735104
-131960
866663
-912467
-335891
111214
-103751
926599
-659326
-719136
-440169
381131
97940
-899019
-69849
367490
736104
-767702
955910
-666158
515744
482039
271060
-83942
501451
-377896
-283887
-683580
-520545
922097
763952
143508
330741
-607085
615759
892867
511883
716971
-135505
-683200
-270473
-93249
-447792
505764
-707775
76450
368909
-303877
-330091
-129934
357324
-906185
966096
755034
-667188
-776329
-848084
741286
34582
-2376
-238660
-659166
483927
-569502
120648
-747464
-547574
-325189
911523
918054
-38775
529552
788909
978061
-335956
-441159
-742948
-714999
-367866
-844939
-837823
733963
108168
478532
-637803
-839154
112931
-271175
-562541
-38045
419381
993358
-511225
-135589
-461794
518245
-937333
-255017
-986318
746725
-151205
589504
-951619
603198
721023
218839
