839354
937345
252028
739659
964612
-458675
-352655
-349563
222850
132247
793760
-277467
-436301
-431479
-515671
752667
-384691
-694689
801525
-927262
343357
-692127
287292
121008
120981
-284238
93153
316376
141169
711246
-722281
-30511
261598
248731
94430
103008
-567760
-868760
276452
-364622
-817775
-21112
552284
-174752
-535565
528439
360501
646811
7282
-356881
236702
514718
680776
51214
412360
256357
716624
-172134
-286527
-778340
270232
-774275
-853792
-715943
-455477
-60839
-719356
22744
489335
437326
955226
-985759
412425
-787372
-505570
473963
977124
-550459
-432167
282816
3311
-644199
-926529
20884
689809
-424938
-213233
633451
-31801
-327893
-248117
-201308
514633
993092
753927
-615118
691946
110062
-124237
-895631
728193
827266
342492
-950966
-941619
-263184
844831
43735
813346
-347270
241031
-663353
-968929
779512
944023
-989939
-441254
538183
-698944
-774437
-799459
641026
-440095
-948416
522055
742998
-398956
573966
-442450
-731329
-783314
-923252
-868757
764137
265910
239843
284074
761804
-288385
-699494
-112969
-614678
100151
192347
843582
-915946
256989
195713
-679073
373
-845358
216943
208445
254010
-337967
-672639
-441699
855117
-870266
-353200
864963
689959
-564144
-949313
481340
-829604
645340
-743501
75757
-970543
-490798
365257
915346
-231130
954879
197347
-896109
-777824
478942
941980
-840184
-893255
786929
431846
-987908
-954832
-707444
729999
-654929
832207
386356
-195969
-152861
862849
729161
614571
-328853
439515
-739624
784006
763790
-35773
110042
-255531
608458
-662140
-583791
-945170
10863
-984685
427488
-468567
-97386
-605170
894590
-933928
91275
-688667
-101187
232497
179780
327555
312685
396381
431263
-995067
-176836
-74074
133054
-245125
239788
-146885
-383262
-750692
-286688
-25669
661227
147200
-260833
-278880
838620
871393
-972658
-136756
262655
36710
493323
-164910
141954
843813
-937122
173006
119767
212730
265294
680755
962326
-929943
-784197
880580
206767
-148101
668378
112799
-731715
-312198
771148
-549014
916963
-936613
-715518
-839867
226720
-883613
-812881
850665
-820577
177790
-986961
695112
-833812
376490
891717
-466974
7571
82010
470721
544322
111445
-642212
-368104
709456
580045
-746055
947100
914306
642032
-131794
380699
-203963
-431950
-507017
723999
709832
-359572
464637
-702840
-247556
-178787
-318915
-450763
778577
-38094
-281439
401422
548278
520088
-961058
-539732
-306563
533168
-939835
-117642
-859006
420176
-93071
-137438
656547
219939
-778787
869489
714299
534517
-503642
-360976
857338
-504767
-145881
803194
261630
-384117
171202
-383621
-240543
-84013
557262
980190
-167706
606292
690390
749630
858656
104112
577313
63853
691554
-658232
-805495
-196846
-63475
-252418
847651
-769400
190812
355437
-460922
711864
-410939
-580854
-947355
606588
-348329
406320
602266
935679
868103
855939
-358571
-267977
-963757
767737
-196939
-684048
688598
318112
66774
-96662
-152234
904562
-606967
-225477
-190116
696299
-306714
-668714
-36542
833124
584936
803609
-317938
-937609
-183891
-678700
-847869
396119
-700098
-584156
-340267
-897492
578649
748971
-974853
-817130
-38619
450745
-347318
-710015
-134140
-339172
505092
-7475
-154934
165272
274645
-2691
-912920
-444608
-401231
624786
502774
609101
-837342
212040
-282145
305853
657497
-306175
979936
-56230
142819
305320
-604163
-634614
-313489
-176421
-837430
-128976
220784
446027
500552
-80505
61270
681063
204586
-95132
406274
256362
869932
552989
-406174
179065
-146556
-882998
122390
-279740
-825228
584670
-683782
-974288
729889
272265
83889
-959393
109154
-418580
-258941
808249
-73203
-795192
680844
-34848
-591438
-655890
72245
-981380
863781
-77451
845020
999980
105518
312137
-787945
531028
-318271
-766219
-787036
889463
608729
-571472
-709528
-638487
92916
-235688
924286
132895
-446817
-380210
415798
777716
781403
40196
-143894
-709972
-766739
-85215
-733733
971041
253983
735486
-773304
206148
896346
-830145
-913742
-681394
-500344
778408
517004
-305739
-113104
716542
-926791
-214031
211186
563512
287103
-906101
-255757
-882395
379153
-627006
-374504
-834943
-679315
235937
-900877
406860
-494550
-187692
-753323
-872105
-656839
-704281
361478
-422775
947717
-850274
725961
-251056
-700984
446362
70154
253331
942741
911085
-604738
557277
-645849
9306
964535
-480793
278879
-265412
715014
659226
-46965
-547004
-88870
455926
-120491
-531700
-198586
63441
-121371
-255183
-453549
435989
770519
-361759
-113931
-57845
949485
-652416
-375549
43646
-250118
-34072
650450
-620062
-379221
886115
-884614
755991
-25850
170440
486485
185226
-528471
95567
-918621
704809
558547
-559769
-641554
651821
-413715
759900
-996012
685941
-764172
-392962
-963647
471258
811403
-916594
-283456
-538979
-361549
-236728
-458926
-334113
771678
540767
540589
-865663
62083
149497
-23813
-139367
489106
-269709
984716
-436859
-847079
-14993
-994398
557613
-880538
-445774
223500
-888282
618091
-616934
-970330
-278738
-461125
-926447
-447111
346202
519794
952287
-773525
-547334
80849
-259068
47149
972773
647348
862782
-831720
-85736
-151990
-859055
99009
-998447
-721502
-449126
501554
724942
-56960
-327271
-156384
-738840
-586663
708574
674908
503137
-827115
224510
703071
592825
956189
229073
87469
671046
-362584
866842
-386688
119824
-427320
-128900
368840
817312
-98105
-553682
-201316
-699618
-630205
-207553
930357
743619
1018
493619
-960422
452575
347452
774656
507574
-574465
946963
731835
375093
746346
265163
-441006
600814
126194
116494
-151188
9581
-608840
951785
754130
73904
-207185
-703126
-337844
-973601
-364629
-434139
917513
-107860
-167869
833985
-979246
-347590
974304
490009
-827929
-241571
474757
49817
657969
-728822
-740973
-120543
321590
-81553
481885
-335183
-710411
-265252
-275846
716424
182288
-442744
-427225
-680920
-731762
862
264739
335491
-672666
-913672
866362
-994390
-214071
-697269
-887181
666506
-757858
-610131
433756
5481
-418255
-847366
-449641
-907822
-74792
-525529
-559013
-244801
484533
686984
-129187
-396421
-777647
454544
693653
221937
16101
-245082
558166
261268
-444356
-489917
960578
-381524
-436577
523662
639180
133307
46482
-607584
678707
-24490
-699534
-669246
306251
-820795
-634118
816720
294510
28491
972799
842619
-260697
-86327
380964
746278
246775
-442767
-871995
894867
983804
598036
414230
-629712
482424
228308
-603064
-62364
-882091
95387
-347461
-469450
70297
-33961
-875304
661805
401203
59983
923556
-271092
668575
577360
709195
866474
576710
934568
-281520
-596342
-420736
990061
952987
-682542
707807
-668088
-586366
488107
-467172
-246095
39260
408208
-788371
435562
550613
438387
417193
374646
158178
-300784
920074
510584
-983596
790722
-411710
83816
277602
-346163
-372922
-986904
-392435
829575
-627424
800119
-457025
-633460
687414
-145250
-68861
865830
-195430
573000
269280
60309
-607282
316007
-659952
-553659
-929505
-596145
323607
738698
-534175
400447
-497277
-898050
42784
-135804
-635793
428179
-692622
-865056
492062
-633140
863172
194464
-422043
956674
379168
-314883
-107056
-566839
592020
-84542
617998
-657676
-533632
803953
-45572
-133930
-300424
-214447
989971
-6458
-757424
336729
957152
-131204
446452
873103
480914
79830
-326504
-844486
262391
-706032
712987
-517949
698044
-24405
440568
328635
136512
-533299
-124999
-191333
548553
-662933
254778
-703664
211746
783514
-552618
750162
480452
-997140
-355980
431035
282101
-893614
-389513
398398
-32244
-75657
-996462
-806553
74902
-482741
972048
172947
725491
-503375
486670
-201943
541037
113575
-740668
886332
-851608
710926
764144
-837202
393305
-295000
336852
386986
708187
775795
-329591
241895
173270
-471475
823693
-802616
365955
789257
-841649
213335
275814
20073
-128095
650020
395381
-408095
-405097
403757
-371610
665779
76315
-20902
387166
-190966
669592
-977333
427814
-842081
-729971
-46124
-741121
149364
-861769
731424
-514262
-301800
-9457
326382
-433548
-836535
814975
-534108
150374
279416
295832
824389
651231
-724875
999242
-773218
-269909
-889434
53952
-701399
583870
-405016
576532
941179
-727943
-887301
494967
354307
-196165
164123
109940
268917
-534392
-967724
-13476
290278
722855
-206734
-528899
172344
-109334
-79065
320014
656903
149194
291655
708430
-384708
-928693
-632080
255093
340283
230279
483555
-366220
74641
-910621
-710695
858617
-144255
820047
-741992
825313
913293
49896
-704803
-462203
397247
820571
-258310
846785
-454756
187784
-41145
910095
-90451
-955724
-443320
-7076
-539607
753831
728434
82758
724156
44454
735070
877091
738328
398531
-854238
-959745
-895718
581301
274497
-523117
-786780
562366
595957
288842
-563945
-16562
-997060
787747
-376461
814245
718313
828582
-325946
-446882
162095
230507
-793295
99172
-65944
-586129
-818955
60306
-176363
22322
-981146
-961304
525999
-329526
-552622
-679241
497149
-383041
487807
-67015
709617
-583452
-771853
-809215
422108
917955
-937355
-80228
-215741
-483122
516627
672014
-603563
-381186
366691
504201
-743012
-27688
-625210
-49948
333766
456795
580680
75125
592768
-298459
438841
887965
-271323
783796
-896909
54570
-826862
-937512
786204
357308
826812
-565725
617201
-347489
649876
-84665
-668294
-832812
-202610
-740560
723995
446095
-917779
147489
41784
969018
-277840
371968
-616491
-885797
-659754
-813338
-504737
-885457
-972786
286586
-904599
6519
-705982
317383
511587
-525418
-268042
-865697
-617012
-315357
220621
905223
-302097
-442443
-594182
-8731
-205267
996362
339633
622080
1184
639702
17673
-77313
-961004
-667794
526557
773328
-760914
780312
-181495
-161003
-27055
71104
-424703
10632
985071
544742
-459558
-421803
149815
-713707
-6094
-778325
613734
-570144
-47932
187400
-930821
-430908
-813569
-283827
394557
735778
-72534
-314847
-796767
-265210
730904
54282
783961
502604
-597596
211573
-758286
-970153
-67263
-739363
982963
-68523
929779
907778
369357
647501
-668448
392174
-747340
596341
-374779
811752
-854812
576004
-364113
-30472
-880500
-948470
364251
-235364
131698
720052
18324
-867913
-10564
-930766
-94628
-302293
259837
-81500
-918060
77153
-689387
-197586
-331515
709782
-368337
527707
-96298
-303312
-198307
244312
684851
-176707
475111
561936
-609144
305774
350100
746093
-358962
-547227
-505850
-494387
704052
-567195
-946628
897201
318675
758870
615525
-892161
-203257
445422
-99145
712421
161662
750737
914621
-648640
-711501
471369
-552093
-270427
283225
-24512
-417294
-56131
498301
-513312
-719832
-772685
-699236
970229
854306
329394
891967
431714
-543033
-826181
-988175
916432
426941
992075
-356707
473713
266870
940006
604360
594016
238374
-562916
563701
-235212
909731
955756
-418953
-861062
-782346
101045
348528
-311693
-143559
519187
-225964
160305
-671726
-579116
-262140
-376257
-739682
730297
81916
520242
984358
-826378
-227850
277073
647901
22333
-874109
891569
862321
-396912
-283822
-278619
-565435
191640
62244
811075
-883331
-640977
47065
-295470
-468139
-624907
991801
-501229
-502355
-202991
-750896
797131
577839
-389020
756977
-229360
594384
798626
-653651
-947940
124185
-254472
466946
-552403
488203
890351
640912
-130471
903776
886868
-442756
335965
-50997
47433
-793280
419914
-371829
-537518
599453
463302
315632
818540
387194
-368239
792377
-596588
135648
830152
-918103
455391
143143
350893
-570350
880647
110445
506988
775374
-451235
986756
617124
-485512
498252
-717195
-807561
318299
893811
-398915
142950
-499032
-496139
-711885
-481903
-777010
-348747
-281490
487384
-857595
-816869
-659479
175152
-847493
-180462
-441701
380736
-177761
467782
-695901
296631
761685
549045
303923
22993
-181175
-633187
929475
-438931
-335195
629601
-937515
-892975
699777
-209811
635391
-890630
272842
-269778
141976
995403
-184874
-263409
-975364
-197683
-418810
-768497
328147
-38811
-847920
48616
459163
-945202
-540312
665486
-540131
-291577
-944859
-569560
-236114
6410
-8027
884330
835325
976087
-212964
-982731
-344090
-673527
576039
181195
-652305
853586
-907197
136253
-703457
-607856
96847
931904
303638
-737475
750236
655986
185500
689778
329142
-533525
395845
98541
803987
-37844
-673980
-2853
-574861
-856082
-971087
902182
-452119
-375763
663653
24740
-260034
-316652
370600
388168
-114496
459605
-80401
-348340
790659
-227677
107625
-301705
434266
-899381
74326
769817
246806
567680
395991
-597582
455312
281526
631950
-218724
871946
297123
554006
-642371
-423320
-713790
-60351
-96631
344999
757466
-661233
-275979
-455453
-944612
-474688
-714549
203950
719200
-459203
924505
-449031
215405
868547
-897729
852112
-564522
247019
626671
688536
-623354
100720
577405
846551
-776306
189551
96149
-756234
-38074
171403
896836
-675572
287095
-123258
-160706
-224973
213336
-997752
-354930
-996090
-743539
-201504
-480291
-44284
604321
-726801
-142747
510283
756530
-811819
-177671
517752
-145075
806662
416405
832471
165439
124610
-736557
151907
898108
-445495
247647
-267819
-119020
285897
961499
-133581
-640992
518018
-456842
200918
-632110
-443600
248109
719474
-160113
-300004
747687
-119906
459952
360986
-105280
893084
634600
-723233
562900
701544
-920570
837392
-863297
-467929
183278
629031
-636286
-534049
-351608
771046
894161
775448
141952
-150636
858878
858302
-472400
-850112
953090
-257118
99656
-13761
-421089
583802
201774
-865178
-345157
-271421
432165
969635
-877242
-806920
-728988
-546791
-278103
272461
244272
-515130
-83594
286032
707208
22297
349854
995600
-743114
-990150
984970
-910616
-433657
-352219
39712
-795211
467622
-207357
-702926
716453
-772739
-903800
-861503
-82825
523819
260289
-898632
-819564
-497999
-738094
-405424
-539466
-663117
960009
310606
384523
-532796
-719721
169331
195384
-256104
-282419
-790835
-385008
-476775
970128
-242297
-538679
793644
573423
356835
448891
-850965
-590846
885614
-469793
-345966
-447334
335816
-54694
-659222
509111
611151
-797529
-983663
622132
-104691
-316831
288728
322954
-514256
793604
528925
-427661
-524274
334899
-690370
-32048
-453362
-810702
-743261
-165594
538438
619729
604935
-954005
-411930
305461
-597886
784022
-859274
-896854
-874454
-552624
206712
389120
362990
-669168
641367
-858113
449530
-822645
888781
694466
-686551
-786170
-258572
817970
460672
-419865
14751
-841785
455340
193218
26397
-524667
265421
-489405
-839313
-284832
941515
-646237
-585722
4571
-449225
902327
779562
-801525
421307
824991
779487
799920
146764
-717373
-609298
479528
-313643
-443555
963147
930184
982562
21021
757017
824211
-865515
581624
-454060
742316
-858568
-73274
976916
767211
465979
-895400
-123455
-167990
-932797
369291
-372087
8174
-320125
42305
510360
-665012
-982786
439326
954910
-932144
-878191
-740800
832149
947242
-634432
826656
-305907
-114643
-317607
-932580
280132
665486
-590969
-806758
-464840
-22361
-325612
950984
310645
-84265
-603243
-380886
939913
-347609
750535
-705260
-29025
191514
111598
-39350
714828
341114
712213
-297226
224794
101737
-54233
-974280
-667978
-117725
-495246
952740
105607
988784
596895
849439
-186673
-363732
54685
216582
-495852
-945938
-489105
-741022
6305
-600403
-538785
-800828
379210
952396
947893
679945
610719
460324
353365
552570
858144
243571
-392403
346213
-885725
-849574
558661
451001
-96039
613951
-97072
-577564
566866
514209
-711857
920769
-820279
-754312
572995
-996771
308565
-925512
54006
-594664
-828496
-947744
767920
-329243
74268
-369295
-879557
394186
-151794
388251
839747
176428
943811
948052
-517586
-629204
386878
-338360
-536978
2183
-224053
805619
198656
-472051
-148786
278223
705818
-952828
-126084
-635657
917109
-870453
920077
-122131
644183
-295300
779824
937017
993952
-485330
-920117
-806314
346758
-647517
-63311
-780232
84791
-133313
402583
-403258
-334434
-917637
-326725
536614
-809785
-844022
956077
884586
394658
279984
-611657
-489221
-638262
185709
-5616
137893
700653
730333
680206
749920
885712
201968
-591117
95892
-597049
755266
-353402
-90026
686112
701592
-698283
971720
214194
763646
168487
-104440
-891522
-566028
-58976
91542
518598
43297
694871
-749336
1645
-747454
165414
-551808
-120835
-555991
-878165
808025
-125392
141453
-363646
269885
190097
799511
-489447
390508
-139644
-743494
21842
864265
616839
930269
997001
778712
59939
-763624
-427036
-147891
872470
-843603
349442
-570058
-115746
862753
-812610
-492449
992243
842981
160795
-101669
-617968
-362813
-25835
101761
-845945
361894
305224
-63432
-787095
-208138
871749
954469
316706
56980
179392
281433
321814
547683
87241
407800
307259
-98432
-359423
-700599
-100433
-188316
663003
-527954
-617487
-186863
832609
495646
-312762
23211
549357
766668
-662354
-939030
-156697
-165317
819318
-478116
-607524
-407503
514043
-670269
619362
260557
46446
711527
-330524
352146
-480223
716006
-176182
-157795
534952
-418339
-153993
670229
346464
-630823
-373581
380209
-336181
-539327
150353
961018
78215
-439790
-492542
554128
330231
168719
731378
336998
-224963
321188
486
-182712
338796
-67344
-873129
995252
-576913
-197878
-807464
-749946
165228
636939
-850123
498689
615239
-18752
-855186
684053
413044
195658
629579
645815
-458416
-564023
669190
-778791
-166580
46144
231890
739617
504420
396690
717977
977025
-189148
-495079
-8078
-108311
385187
550151
-488925
-994527
761808
-256514
245933
837723
-468641
395491
439599
-907244
402127
701412
-15035
-670047
-653792
339034
-686822
-639395
527862
-988670
-111375
-313598
310948
126375
95508
870517
-950254
-782764
223541
709753
-497486
410387
-692183
298864
997650
-885379
-225038
753899
-640042
-500093
526771
-907821
790856
-482460
-888782
142490
87636
666192
-5336
328582
-633844
63866
-790409
848880
506033
142796
97282
-597281
-301046
-420863
-182703
-149672
133795
-564852
-599201
520448
-137664
380203
513501
889658
-399342
-292150
119985
685912
-245594
-938332
680368
887764
-117247
-55791
710467
774728
-364950
-158966
151663
-195758
416067
358097
156704
-248744
-850816
-812442
-576158
480563
1257
-85888
213190
-761953
976183
50717
333263
-469761
-347198
21193
222186
202161
628595
803990
-826169
-782551
-61249
-133454
900617
549703
918170
-633458
972773
-581975
363307
-182559
245377
-204810
114927
-672913
293878
-582695
-475332
199392
130894
895084
46853
-524008
236181
-602235
-9780
683458
316489
-845261
-476225
-421412
-291230
273879
589177
873053
-930571
547256
467618
301597
-771678
600712
-826524
-568828
424773
-920101
698382
-20047
373426
740262
-943904
949088
504493
-242109
-796386
694052
825467
632648
192640
101813
-515660
-900905
-725438
-545188
61432
-969996
834787
579389
374001
178030
-618647
744832
-668455
-227725
766922
-169850
-299416
-151485
-28682
-380574
693767
-149118
84733
32403
-295376
47820
867693
-934077
-772296
691387
-164333
742523
974447
-742311
-572022
-74790
-981993
-924864
-143003
-306244
-541243
739567
-937862
775015
-407920
-420880
-226160
951372
999743
-552211
98073
-233000
23478
809651
7964
-461091
270632
-31001
142328
-145614
458214
953844
565741
842062
-53101
351562
-124045
24897
365587
498635
469756
-337666
-141062
-389640
-311579
-843684
-729114
607841
849197
188785
-962847
175696
569635
900905
-890039
-485300
-624324
-467452
146363
907281
-812100
-970934
-388540
-896777
257868
544445
-861001
-346228
-352054
779612
914625
-108615
-605015
-197085
986142
389947
635023
948669
-704926
-918905
340295
314546
-50827
-924714
-899216
748253
792499
-659994
267362
-227826
-925891
577906
86108
706219
62147
343619
456104
154330
-551526
-59111
-139730
744449
20892
689273
911758
496345
300835
-924624
-905573
766510
979921
-185752
-797827
-802171
554201
-28122
-191841
488126
127313
582788
15458
-71574
-904273
811285
501837
315837
-917254
414826
727239
590661
230881
950162
284859
-149191
-354422
-288089
418871
-679828
-261907
861616
-642923
660497
-190517
360718
-739510
-787367
702560
-889109
300087
438106
-896571
-998874
-915785
783363
381102
745407
-323411
568837
-239756
616185
-304606
378550
-242349
522791
-72175
986747
255568
320006
417559
-835918
465286
454700
-575025
-786142
287910
934993
527419
-778188
-365211
-670205
-858199
-184258
-938348
698171
317201
841204
-554897
120238
863390
-814808
-250354
444542
-180551
-428996
321524
-335364
-695598
692163
519503
-890257
-557971
-461165
13159
-945871
179026
-356336
-98295
-864144
-276184
287259
937105
-559378
280374
-903063
394551
778507
702167
364380
115540
-15884
884423
365659
-567989
-999444
919009
-157558
929097
-105838
278481
-728949
716129
-305485
-325752
-241162
-288101
367572
110577
654589
128350
-94474
282423
-191251
-724460
701487
-978012
574043
-30495
-745607
777018
-728096
469685
157739
374168
-140294
-368088
-189251
-376683
-442844
-595530
717531
678146
226076
703267
568653
-754902
-307916
978011
-894465
766242
95272
-393934
859099
815771
-306102
43751
268839
-393605
59651
-748114
705890
-80450
-998744
284297
730269
-357311
644157
-940976
-811789
853125
-459276
-929672
266305
-869842
-633484
39258
-544708
223946
194057
754302
-837537
-534227
-652336
871054
407960
835631
-300515
-568462
-150304
-303396
-895445
44146
757759
-92499
581053
880447
-118394
89544
370494
-729126
-554575
-502877
55816
-904949
796617
-705152
-812764
-77435
793099
281620
-230841
220572
-636046
-633071
147935
556825
-66766
137602
57149
-441676
746372
579149
-394415
-744366
262456
365661
-842012
-249274
374415
-529076
-207171
-85322
602148
-310962
-564074
-314197
-466966
544930
-847727
-826753
-915694
358563
-72620
-951787
885306
-107193
-220860
853248
-192044
-834285
165031
-288626
28229
-741468
-28730
735811
-126037
-99265
-71981
-740726
-434691
-951137
-858304
330324
666345
-79811
-675758
265905
743813
380804
401555
-879360
427171
659863
14910
-897795
-74481
-410286
519880
895466
-230638
-294314
-718744
595662
281156
-490340
313726
126390
719396
-27606
991093
354511
754073
968081
-631161
837248
-14821
-872931
666586
-677599
436804
-800287
486602
-883099
-66435
476504
-179095
-317758
-349576
145351
70577
218253
230067
113131
611106
996747
490480
-940119
759324
-42065
377174
-62598
-576862
650988
-809080
-537601
-614818
284734
543585
-798715
-526181
749937
-485411
-79027
827744
958668
754421
843504
-542947
-509280
-923157
912971
715211
-460363
342744
-14986
-517540
890829
-839367
-904309
660971
688880
707706
194419
-812323
16779
822391
947740
582447
-601835
-174331
647176
52130
-949502
343609
-459786
-899893
81418
-779776
983244
452528
130739
-638382
-502366
-74612
-530096
693794
93764
-20210
265993
398223
22510
751640
-973271
-970309
-910595
-877916
744681
-423908
-67320
-586965
-16593
-319983
937821
-199370
690955
768899
-201705
-571162
703356
-697943
-153277
686784
-355068
-857439
-661664
-833371
24279
-92326
-174591
383490
-326010
-487266
-803037
413147
933806
-415992
946810
-356478
233594
558890
-563759
233961
954411
67269
-974416
-754488
-151878
-179558
443666
387033
328123
773580
49737
-666983
779075
-820030
725905
555016
-676524
865239
-541308
-419076
-761065
125663
812787
828139
731497
-351318
660334
963584
-464965
176554
918916
56017
61026
245942
-273818
751366
-292851
467702
-439303
848428
12780
-629565
928538
-932855
-745563
431730
-333758
369874
-865401
85864
495101
-433516
514320
357696
-356966
657092
42640
419057
-735380
-785622
-178685
-267599
114652
872434
-121198
-598420
148164
-192997
285255
328704
-138606
327134
-361626
-766521
-81839
352633
-8232
569421
359634
-326352
984798
-101654
926172
575796
751610
425348
132230
-93473
374808
168724
754235
-5169
-749793
-915150
-628882
388820
396089
338467
739146
33585
555840
-212559
833674
321455
-458819
814267
-255202
-23494
-854580
901525
403721
-72383
290175
569210
-442582
-908965
801232
-725524
-516027
-532878
-895702
-652873
-870750
350584
839219
-48509
-259805
881934
-112381
-796752
-426278
-368808
-307953
-38666
-537995
-259596
641472
-178783
864067
-411868
-242333
-586901
-850160
865848
-513617
-657754
-7699
658164
259896
827881
474044
298055
16373
231620
821692
-642339
991045
479299
-781025
990451
-658565
-791283
-7122
-863515
477233
-586137
-8610
-470855
141102
-733603
-823753
583225
856408
-574067
329838
905696
-217801
193844
-588154
-813656
-320561
185717
-375618
-895700
-468742
-892957
-745989
-209477
109038
-737805
-530480
-831694
-981408
344868
-299623
-55164
-450049
91610
-31292
-219114
966837
-463968
608916
150281
274675
806756
904361
287575
673260
262495
-392477
-350763
-873064
-477456
842983
406670
-434292
484278
557091
891610
210826
421121
-73738
140279
-197007
501606
-346854
-550795
696623
-416877
-778605
827741
-816113
-284318
-509503
-648449
267966
-652902
419424
-478398
19681
-158346
301325
42170
568392
-798487
222611
232353
-856957
-850540
57963
-584935
486848
-620123
50179
416984
475465
-576639
944911
875322
-880980
-822427
-466781
-45555
491745
-133636
-399595
-929344
449114
-613822
348544
853140
430676
-368606
-26330
1024
-830710
-742861
171952
-658598
-403139
166408
-355262
667055
-218199
-511812
-789446
-647554
380744
-480548
289889
-801327
585232
-455470
367216
-766090
742683
-645677
284379
867989
-417470
725866
203185
728730
507942
-519487
-595741
888228
-662358
718218
93221
-345786
-674688
-209544
-892402
-473745
709568
-864477
520929
233419
508477
-530742
587719
421218
79884
584786
487169
525152
-323216
806167
654587
333591
602337
595504
-216838
-454870
-475880
381167
19784
-292781
711225
233769
461889
749317
2556
-914128
28811
791543
85929
662618
-954592
680650
-412340
-86863
-694189
312141
25261
2429
-992033
607268
583749
-698638
896435
576082
-125088
124290
-649160
-239466
-441140
226794
200979
102393
822619
864647
449359
644068
-546982
-182464
-53137
732171
-760823
14868
911614
681555
-524954
377597
-196023
128240
-804907
994464
669804
-959108
-493914
-672473
993235
557164
-705277
752437
120066
280492
266720
-812929
309594
-480654
896906
-332540
-301620
-625945
526294
467765
817356
-620630
-722573
964906
842773
-758362
813042
-931829
427754
-538604
-453152
874165
529529
519954
-218893
-456914
-241260
-236818
-50395
-43788
627237
347271
-519435
-893268
400235
-740581
516903
588377
-424388
581540
-986890
-810987
-654789
-215862
770950
-424950
799287
-317252
291182
527929
515881
395511
-554885
435575
602570
603761
159248
397341
-250157
272775
46942
-285564
-721770
-453862
578025
-55121
602863
927956
527873
779772
-871980
-727555
993737
404337
955999
-955560
503457
-150657
240447
771466
-708737
-263785
220357
59276
-169851
-680559
7338
-696537
840914
-141096
-784178
-647502
-27489
471904
-362813
895475
69916
-84894
680956
-704966
743116
-931736
228576
18080
-267626
-178737
167429
-512829
-512921
577274
535291
-443393
-8513
-256100
664227
-147916
967461
447672
-657406
-506784
476608
-139105
-122993
216488
699016
982331
857304
646567
440022
205755
-569885
491602
-351614
977233
-838355
-129664
-805301
724454
-807023
-223519
-835337
-977897
117204
438033
340336
619078
-756565
-263742
920864
753111
70641
71387
374870
-482363
713979
-799050
938338
-797676
-223803
-640988
-189723
289400
-690607
961897
-59100
-430489
-119661
74162
-32095
-658317
-652999
-91605
-521738
-609805
-619572
815040
113929
-241679
-598618
-994479
-412940
-224635
773278
-518488
72638
-374056
-48087
-132553
-801470
-407673
-410139
172375
-596166
-938156
92215
953311
-396858
-432019
51048
752568
724170
939112
412232
79372
-46782
717680
372763
-562080
893988
478958
891968
-33595
177402
257481
419629
-480799
-871251
338579
-220911
-577414
-854614
319881
313838
-238623
-621208
-966473
874378
502987
-45433
-472268
-923000
886501
986414
159972
-401624
-831409
346730
399517
47121
-174969
292672
-234172
-219239
349128
369540
-741130
-765363
-974996
833478
233961
-878357
-389519
-694530
190233
812113
306455
682595
-606416
-338301
984939
711369
544614
450671
882269
261889
-735089
-678597
-511135
510668
889584
882253
-339648
-843576
-478353
-288036
-734084
-49162
-602195
-300729
-678061
-982915
366687
-470671
-659004
923961
-4788
-195861
-209716
616388
658971
702232
-163481
-611509
-290549
-838964
-916269
600195
-365766
968354
243326
809331
804083
450789
530341
95434
379397
-984408
-581601
99800
-719958
-896415
640926
-393344
-656427
494312
28540
-227190
871628
-408888
895458
55286
-427058
-778540
373519
-593703
-43638
-467635
-461008
-645901
650564
-280549
865694
-103221
860040
772868
-930500
793071
992064
173606
771582
-819577
-906285
-909431
-473915
-745979
886937
998345
-646511
995332
670623
-641930
-998410
-687849
-713819
-572116
398787
580919
357174
-900946
346962
-781596
147713
-445877
-743157
319004
-993761
536102
-164554
-613050
-902121
-115501
-756690
-425727
-724007
-338968
227200
260374
668938
274739
461922
324679
688682
802211
-835448
-218046
-484134
400172
925201
986206
-167275
-418756
577383
11417
245800
16561
19673
-346378
-141045
-21233
-913399
35660
333034
-575439
-511494
-77632
896678
646852
-789710
-64438
-541734
-966987
-155008
-694975
-701111
181850
829220
155384
-507109
472547
642111
858979
-497199
630177
-414083
749867
-73488
166772
-833190
-176223
-937520
153449
231809
160315
-162671
130620
338575
-924262
-330613
-192884
-268677
784437
726504
-275737
875117
640749
-221737
260543
556871
113025
812737
-102833
-249080
-684491
-40327
-939920
-575270
-540880
199294
-36565
407653
-812121
771891
748174
-94969
707221
-220619
-566582
833230
18964
857632
584708
573644
-600089
-539323
952020
-786357
217262
241268
-812710
187077
-838224
-177838
475218
803111
308861
227433
-219757
773258
827988
-492525
279214
-607025
-517428
981954
-570945
-313716
235373
-22309
45910
306206
-888104
-520738
117940
-464323
-331900
633938
326969
332005
-663949
-970420
827294
-730690
-846823
-571393
-939295
81918
-257525
468087
-731029
-968920
130315
-444381
942409
311980
-161888
-612895
952446
626560
-967422
337325
226969
-472191
-432543
822216
-1748
951355
-852203
487702
-635779
-852978
266539
927198
980761
-853248
-616728
-49865
430411
-111083
-788364
196872
390809
-388022
-942377
-979765
386195
123303
987349
-877802
-500641
-799928
-659370
10438
400805
-594006
470598
-926450
559525
-729112
227790
159742
36630
-146219
-491325
581827
282862
-123383
814374
-887199
-500194
-201168
-569097
-469737
160847
565077
-372144
-908608
254670
522896
-892519
-866622
-777031
-805280
-679309
-980909
785086
-604559
-784734
-242612
-440193
-202930
140028
-690309
491707
-233980
508587
-512207
184459
-168980
-440810
-86453
-446254
-133324
213750
-147595
-485972
-804870
-656281
177938
274857
-567500
914763
589775
-22481
862239
55219
316387
381088
-973378
-259098
-576949
178513
302295
-546947
-64628
-333466
-980737
439127
281573
-718553
820700
-884697
-700708
-853147
-753045
488042
-168321
133359
-234654
593644
-72126
-500687
-763790
423991
936530
-471961
141360
-427469
213164
832263
63494
-293443
827934
-174070
343
-236467
864351
789856
-162699
247221
254764
-29245
497123
618072
418330
-147752
-129046
-514702
602811
-997959
-76801
-97043
-331044
112179
897052
246442
597276
738227
-473267
314419
-99223
255057
122605
-173151
-589176
686782
916383
-473891
926387
-829750
366258
271654
-129493
532894
310322
911612
226832
-115023
-16136
206355
260526
-76638
-869175
569591
-482481
35149
593614
-168757
283523
717039
327555
-636402
-755325
898326
141048
-302470
-614748
220858
-271603
-898750
-677983
-585634
133446
-47801
-718533
319772
281333
-217808
614454
609860
-343843
245079
-491165
964194
487450
344662
876217
-283427
-620690
-756098
-489423
746565
-444420
-377984
920553
-626880
-37775
732542
283435
15669
533353
-611256
91051
256220
662676
-91015
532176
-998401
-780937
-572772
-956261
-756948
698907
-727753
-733189
251830
159759
248287
-137707
-865045
816451
-891926
138172
-808025
881780
1280
672426
650631
-516983
-245670
-357651
858255
290116
-246545
-174476
723999
8190
-695894
-245342
900092
362757
225600
689461
-257432
148472
-339846
676307
180379
-242165
337139
-659975
794133
-301740
-732385
61702
-178867
-616726
928384
-377910
-647608
-896494
879098
947541
-301630
-600844
-191627
97613
-300353
236927
-25418
-415094
-8767
309394
-813228
-212678
2059
987594
-719333
151180
319013
-818857
33066
-243589
-490562
-935876
837563
-297746
-414726
207229
-918355
-608441
729284
749156
353097
953890
248731
130944
910758
577369
-289188
-772892
-245468
724349
604467
857056
-418914
809222
-762177
-81527
-532334
-186462
-709923
-35518
427941
-430532
-99933
-69701
554402
-479957
560861
899840
-6336
-645180
-798209
-258990
122877
-240765
-820212
62084
-753613
-126504
-246834
451277
130249
495664
-585724
831617
46591
-638384
-256327
250588
826081
-375327
204178
781675
-610517
115245
331607
-307801
431118
-267362
553482
-112562
896748
821480
-673178
-688835
-368932
642511
286268
261960
590831
-743460
-238334
-765031
231185
-516245
217388
-445862
-528700
-142281
741052
762463
-759627
-350433
-397932
191690
-334341
-190662
859225
36859
709063
-601541
711318
-605169
901506
-845407
-404565
310774
-687631
-933126
-259669
-454695
125214
-865763
-509571
760402
712958
631640
-232824
-341981
-112018
-316989
439534
-810195
-939330
-309361
923893
446030
-965465
-890181
831836
417352
-624625
751174
254551
-254209
138970
-9916
474991
-955943
619187
-457059
607768
-247901
419134
650837
214874
-986187
259552
395461
-302458
198795
-807390
-284564
-439004
-682407
342077
390873
52928
-386095
449824
-903399
169338
-891517
-963042
-933520
376341
757146
-822760
-865302
680564
-825770
-213385
287466
-343273
207547
418354
769055
-231493
-472427
-785746
915277
-697131
418426
-898607
515705
-354185
-165459
-952119
886623
-338085
754299
109105
556799
-962739
920131
421138
-412825
-643194
-750671
747789
180036
-303332
-681610
463166
941472
982892
-692888
-303881
-771171
-576347
-155868
796350
172468
-972649
356092
133992
223992
864049
-181699
298598
-791036
-512564
364758
-372142
652226
-358943
379019
520992
-648356
27790
683085
-936443
-105736
938406
754303
364418
-50758
595176
-399599
733290
272159
-406698
-969787
207402
-27276
-981363
887176
652213
940075
-844058
910421
641401
-399174
536870
714244
614533
317092
738692
478176
826165
-16604
-925772
872642
-510997
167921
-268488
138532
865823
-770961
345222
-997689
-578921
946923
868526
800283
-342714
261067
538641
200062
-265911
-987494
-34524
-115374
922453
-851250
46112
-755610
518318
340510
-173911
-548470
-321938
-748649
882149
395504
869036
-517620
-115932
-375973
742693
408272
-869559
742205
652407
-480239
116918
-853517
-730673
193042
958343
351102
-608804
-709392
-305614
-915770
414539
-318863
-534899
-947483
630629
287219
-661950
590524
-123404
-178819
-334867
247014
203984
-491131
-991575
-668415
656290
83876
-447233
-574684
-307886
50373
248098
627669
-143123
-910342
-988355
-58522
-751642
363892
768958
225907
872317
-649809
-813553
-170846
182718
814607
802797
650212
708149
366484
910384
-32530
610721
870884
-891530
698480
-317724
488507
356684
-151559
-975432
474705
-555476
-561834
459591
374345
853091
-783443
856935
-885805
588700
-235075
-245653
336406
-686461
783191
212512
-856137
239126
-305454
268229
-220377
-931329
-620596
987942
-293945
178656
956971
-355403
255281
793315
624959
-558212
-349347
-691360
-441914
-443923
516004
-733341
-636277
238572
872540
925460
870654
27827
-949087
412224
-438085
780324
-700168
-692020
-873333
-377014
549694
-293396
-748229
126521
-395413
33002
521527
-357203
828214
792551
435957
-384296
775161
937114
-44276
846852
638358
329241
479238
386100
-389056
169780
483752
-953098
-537751
500110
524546
-636765
-172491
906277
-755
83740
475158
516488
-863841
221132
998268
65156
101216
-144617
380248
188129
-238858
487480
881119
456367
267599
423332
348716
-428936
-355270
811532
-178208
-442872
792945
-823422
801911
763418
-919837
-331439
-315389
-686735
656693
706362
941737
-364306
22496
-516534
-176559
-329603
-378857
-653119
759867
-949138
-114489
463813
117663
209062
-700019
995255
974684
-565273
-256596
-709775
-609311
470908
-768978
382518
140894
-774045
-92848
-697013
443506
703544
-465703
-386908
-646976
-610398
252029
-253623
-940299
-499455
-169515
-176298
185656
836964
200269
998566
-725681
-758727
-519572
-21843
-492212
584550
698433
964795
7888
-659677
286453
156316
-528410
-812739
-476913
28588
-131794
-717297
-561025
-809528
474903
298374
497113
743948
55005
-103445
595948
93684
378306
684488
-350419
-901461
-551247
-201965
888779
-145659
503908
871847
-44201
108023
666525
-342061
451228
420191
-520149
-625289
-1855
-447271
-435704
537910
343252
-149289
221266
-473190
-990975
959348
122009
527213
-524608
66586
888552
158798
605917
478652
-971751
329135
194476
839772
203695
962509
-556049
-402284
756344
-159167
-967339
125806
-150805
-194964
-523344
-639297
480860
450720
816285
210991
179638
703201
-963753
652611
-731385
-642523
818174
-815667
-446696
723509
860907
-429091
-294471
503380
-957808
-193909
-895517
806464
806673
-103503
614204
-303547
38810
-43626
-654996
-551220
411845
-74973
94679
-703261
-417527
575657
792424
-416965
402960
105103
-544773
53529
865696
-552933
-476080
-277695
267946
-176244
71360
790980
-42262
605242
-140254
228854
597828
898787
-357371
76758
862905
-358708
95065
-550455
-661984
-230548
-320266
-504859
732430
365075
778879
-254324
90299
441514
601043
-225595
-952766
904422
-379405
462326
358139
478834
634900
884989
-123491
-947038
120243
-117376
-890517
-823810
-526553
-74872
999055
-779173
-869913
937231
823266
6876
152487
-729411
15385
-740734
-268383
-795155
765741
-760994
-301937
465784
726995
522191
-789130
444511
331865
-708590
-49265
-678061
-107272
-176693
-913735
-536349
442126
843761
-805229
270123
-120530
-970897
-763184
477469
-960971
146472
926780
49019
-661344
-413209
794943
444886
665082
-510282
-590511
-835094
-958701
138664
-877837
-952298
439610
-789909
551092
793212
112694
-229175
531562
12555
-341389
-681634
185854
-36074
-827168
-86023
583084
-739149
-172705
240244
956133
-829376
-156944
-640381
194515
612806
-194750
979636
43567
-840426
138843
-978651
212281
-606233
885282
697136
573652
-790147
471779
-504540
944417
-563090
327569
831950
-949001
-775738
151901
-78366
-692610
-618140
-437850
241193
601023
-144750
101695
927049
-593411
-727468
-346653
-652614
206064
-191166
-328587
-642901
-910205
950071
-882186
200405
123580
-957003
-796950
654932
-516772
-233846
-166578
585872
533599
716151
70801
-98822
-51220
-785955
-373002
896167
-336469
689975
700049
-264131
696606
-378044
368454
-107901
105288
472551
-117043
188438
-991807
-653718
205979
453931
464084
270438
67611
810094
611744
181498
-449893
373620
599554
-88460
168861
-556072
-267920
665338
262195
434281
924139
691493
-720279
318422
-743569
-864714
58916
-835624
900489
372887
-333559
-957220
-643873
-383714
-363640
-478995
117196
939038
954775
-192276
135957
22046
849857
456849
146863
-320973
826912
199807
-495662
-945149
950244
483388
290069
-651866
641375
-514611
940858
355287
-190620
98057
293979
-686055
341937
-847423
-998883
-880501
737654
232118
963226
-738550
-93322
433068
-170128
-186866
615770
-99372
373225
857757
436163
296141
426860
-780393
843065
125379
450624
-122253
-992064
-495830
855685
-217137
-493478
760403
-838290
-569274
-814772
403935
-599322
-680488
988974
952840
-308435
-48039
67910
-399979
274557
513174
509067
-720372
-588973
882664
-906600
-100233
-350660
-825189
-675878
844792
-437398
920001
-143153
-376870
-892598
-79324
719987
401203
-890801
-674574
-130782
-512988
255479
255133
-154049
509291
696252
-413764
-221713
149596
-135635
-705303
225148
-538869
-665393
-936356
570424
206486
-709131
-355680
-122772
714785
544521
-38508
-42211
89234
-181306
601337
-971953
-675235
239066
99109
99917
-621571
270853
935548
176667
789128
967345
-322156
117356
-978212
-940492
-254561
27374
231616
460185
-424611
266755
-894758
305800
647979
746439
676198
-510647
-911182
-203612
-619321
-629785
621280
220228
-876438
-674592
-656271
357333
-991167
-459712
569597
-107990
728411
-644700
-159151
84253
-741465
883820
-800667
-145459
-632130
497080
965723
-286637
-521247
-248301
33324
183253
-266470
-325948
381353
-37907
564856
-758787
-337458
658654
924191
52021
18825
-507272
-416372
872660
113349
395092
945663
253937
259451
-637911
200459
171741
-901216
-843012
-449740
-150079
-817765
743621
385346
-324889
589828
873702
-753942
517178
442961
-524912
384560
327004
-278699
752241
-685633
921319
-605168
802069
936167
-361984
-137549
-933265
719786
504240
-902495
625169
-183735
748973
-324813
411895
947477
-491313
717025
-82001
694288
-373028
-383652
34935
-301504
906014
-927513
827676
-104637
57296
-769499
-866845
-654595
-853900
-774872
914721
-598319
580701
741360
22796
664285
-425176
487019
485900
934076
-950642
945278
-981062
-975063
659857
316946
-742925
879856
330102
-464334
-979955
489269
-87398
145172
695168
-971896
-499654
-432201
-181758
-616799
-483923
272922
-561975
222216
-593377
-802890
-668559
176370
682762
921194
-448533
323187
366953
-790675
231709
524375
457319
-820267
794849
-939550
36079
-449504
-152525
159669
-723098
-894606
411520
813977
-443404
366200
-827044
629559
72340
790040
502835
50987
-462441
341985
282699
434448
-917174
-850832
902456
-817250
486692
918619
805314
-139371
-708628
-828852
-646975
-291626
406576
-525370
464627
461114
532444
-667867
-473545
-770266
-92110
-611219
-602417
662853
-222236
-610050
315473
-620078
-959090
-524231
-290102
-787951
-288512
255500
75272
-318790
260158
-714371
-388277
-665724
-468650
-703474
-2830
848673
-575941
833271
-410201
242492
-132317
-184453
806327
-570391
924170
-235178
246035
178563
-134089
795632
-924114
258888
623854
793926
665120
-542604
-353513
223765
-145650
-67646
-687252
-471554
-212785
273594
-661860
-244846
-419691
861094
-653113
-254043
-819689
574371
93553
331743
32021
240269
240570
-260331
-114253
937650
-328552
-944040
-157170
431187
515859
-190164
579899
-259215
-381947
596738
-519656
-204888
-868270
940517
906152
-745500
-548346
528825
903029
142849
197255
-712954
457869
643729
172779
869333
-253054
448164
653103
-35507
665445
-647919
921392
-698722
786307
144398
524689
696973
457477
-555691
341629
-20891
237556
78707
-854766
-197320
-302628
-204416
-73767
-377889
913453
-504848
845501
515435
970564
-707158
-225
-4194
-507862
-5352
-572146
801150
605882
393763
-287878
-347399
-192768
-420507
265319
462043
190183
511227
-658268
120081
-983282
57876
-383201
-651502
-666603
-610572
960999
-977423
-496862
-798483
-738695
373232
-209043
210017
952785
-810944
272979
-45682
-836935
-811507
-613769
366653
-799064
-566065
-982087
770809
-558618
316167
-819468
-72513
-473091
-864656
-680894
301163
-293115
88670
-69924
89983
147354
-621606
251611
-969252
-8308
651120
-122690
-87442
-410092
404565
727762
873837
946321
-254916
-831236
2776
-922627
337680
626572
728122
883432
647639
79081
296942
-979534
428747
934804
-570663
-683689
-623390
973171
343967
446546
-215421
911116
-470277
-935013
240397
784468
-103715
-319945
841366
-618004
-218330
460113
39464
653485
-922844
246539
-242015
-232338
-743335
123101
-556865
-642060
-807777
802978
963336
-434946
454114
853169
-398775
78832
892955
885971
-35979
-198759
186419
260714
120340
-308823
-504397
-727131
-737565
-656861
870964
-490332
-420557
613904
506129
556285
-903882
-410668
987002
644230
-328092
854622
-55736
292828
-340128
-139385
383264
-143813
911847
-27375
-888513
-956336
112072
188431
582288
833481
529738
332490
419804
310812
-196154
266446
20807
-424714
-888538
-922909
-251306
-250960
410670
-349573
-198763
-164067
-701437
922659
-39663
-504324
998888
-846675
-399973
-673287
-991689
521537
543561
758798
408688
39367
178262
936881
670936
-98912
-874194
301029
-853708
-450053
582401
-402597
-922889
781393
543634
160048
-260660
-333808
11462
-870637
207687
-62618
-243660
-928739
-858664
869527
-700434
-91716
-175931
660118
-316473
-617603
999700
871784
724984
42159
960798
-972018
-236810
772692
-362632
858535
88671
-831716
-692918
-492224
572273
-88670
7122
-13370
-739759
162487
-887794
950657
-460713
488271
-434564
870431
-750291
435356
-899022
345088
453795
349433
-683705
784576
773292
-829442
910176
-427321
-16575
570578
242237
366586
401848
-820684
691796
344946
-395153
37725
480804
-153870
883506
-134273
846763
520112
911349
718863
951007
-717508
567554
191533
505970
-973796
209705
417051
-712034
876966
829230
-686307
-90552
-491639
665821
970399
536161
435817
-186935
611287
196051
653021
-189373
167167
-58506
-922426
783705
739185
-154082
-305073
196224
969747
-778271
-254785
-644577
-515303
971507
220450
-13882
-22328
-836723
274534
-345
56120
439084
657295
127581
-550316
60516
-113779
432543
-998416
-764824
-398117
-597885
-148224
-95720
790373
329472
613753
889243
930660
406365
742793
675702
64992
-434160
116517
530021
400399
-158259
727684
463763
893770
702880
-499002
-366174
-110101
-406365
500219
854397
-177563
-47302
110797
716130
152441
-546227
894334
-617304
584381
93249
-696978
-953225
222106
385665
742557
-195985
-254358
-177376
7259
-540864
-542858
175751
-204664
428902
-519646
64741
-921318
656385
602387
970028
-944671
-46320
282247
-203601
210583
-380889
93246
288077
-650090
258437
-216104
-401752
-420954
-465628
918433
-721043
-817150
738108
-494947
721380
-370822
33563
953241
-246428
-614200
-413713
-470055
652614
-235218
631668
-883665
119758
-135620
-233932
82670
691972
93305
-702062
-961530
-635701
-673134
741101
-70980
-894833
-330076
-185258
-764197
576699
-968306
359095
-584594
385757
-318498
-557346
530625
-708710
-34057
423709
-437471
-34653
482993
188352
-244629
561021
552100
-862225
-356729
950558
-844255
624903
363588
-822137
904238
-44396
921787
-789770
-375131
-643869
-360911
-452474
897519
124442
-872722
677209
-429724
368925
477050
-85071
43355
-867857
308150
-630631
-86681
-66802
-617734
-431464
-759849
346792
-576252
-446601
507025
756435
-5016
841984
-578605
929897
316761
639640
296657
528524
-880690
-373612
134819
-708932
-550225
603439
-472926
-755170
-539815
552955
-994733
319408
-140198
957774
-570878
-828900
82979
593123
-379950
-390554
-143389
34297
-13024
846623
293078
683257
944373
518635
351524
34185
-266211
-849472
329784
921922
815964
-689814
891016
5732
143357
-185606
645275
-517971
393461
-34465
394210
-36226
586598
-661619
511869
434909
-561890
275621
-522719
75513
980865
394881
421171
334047
-858692
-989753
-95268
-124555
-983868
-834133
-710628
109358
-17094
-86564
309369
145932
-807553
154947
-81303
-292238
78030
931081
249423
496130
-758614
975411
-542358
730276
-712361
-414024
593289
243693
261497
970081
986796
-289806
-382904
810323
45044
-348703
147473
-605744
131450
-252072
-695488
-16674
679948
650291
708473
546309
138857
-660917
42227
29607
549268
-66212
853985
-311250
584351
906259
511871
-839487
-525017
271138
-371488
883833
112141
-689845
-577835
346766
804330
-936195
-544891
861946
303852
-724763
322305
425019
704264
-953688
-202242
265956
759717
159034
517577
-737026
-412642
676059
-75250
-811442
527206
233216
-948635
-688005
793149
-616353
767282
246162
803288
330646
-896992
683367
-792506
-10759
-367004
-779478
989625
61228
-151669
-313214
-102653
-233281
-929514
-2890
250235
-107575
306288
968220
-315085
419070
350649
383371
-136781
277048
973035
-736479
-516622
-242988
69173
599048
288174
-809509
450221
-34007
-886513
639698
294272
262767
355958
-383762
78222
823577
953781
646208
-954901
434520
-410794
568614
550880
-495914
-267520
-716516
-832289
-172065
-934578
-250872
175220
-925147
-282429
550328
355800
240370
743372
151941
52537
-709118
440053
-485185
-23415
159588
869162
277893
690134
480691
295744
883615
743630
210340
-714893
-270426
43332
797986
-435867
-659577
-977716
842765
-709634
942505
-605600
-732856
115709
325294
-58383
709206
665941
459355
485034
699254
-491275
745655
182975
121429
908232
-661397
-663399
-942345
615172
-776569
-562945
-54819
52534
357277
-332782
-689019
-88174
-6481
222650
-440310
597951
680273
868418
-529403
908419
-794531
280698
755128
-877635
512592
964184
536180
-278035
-51705
589567
-44432
99041
-109145
767541
70219
842418
-905840
-133612
888713
30256
733152
-163976
190131
-711113
620136
277341
-486990
802104
-182843
-84202
422065
331689
573980
149493
36420
655559
-207988
485248
890606
-795081
236917
767635
-402650
-648546
152317
-471239
-46094
69696
-246296
-237308
114235
-570990
762743
-689297
-796023
213909
827063
-243550
873226
916221
-176847
457386
-944562
-366365
172455
-901223
-284591
-782119
-360386
-158063
194473
-998972
131171
326250
-989301
570866
-167073
-557827
61254
854904
-288719
330652
-827303
-430310
-698768
-654709
220342
149352
-902316
-192487
-438296
338360
-259516
944709
214015
-887329
477362
-380012
265949
-462343
287211
468220
339790
669546
468608
402549
-559800
-31470
-277038
707100
-912381
485729
201524
-827284
808226
-243293
276210
-805248
214499
-833755
968680
312572
393158
555741
-831638
-349644
528517
207430
454516
53733
-39449
-984264
-415410
-930165
929782
-958280
-813199
-700924
-264962
17411
-820267
-727557
-421118
-45578
-509684
334248
973872
567767
-591272
506714
-957168
939307
934677
-98702
798505
-517614
-857709
-79393
327890
392381
461946
652139
91690
-554619
178867
-146912
-228833
261890
-987329
-125753
-769724
-216537
969229
896396
-128093
778708
787442
-658466
436526
-28799
-509147
376724
-744822
13380
-228677
-311122
146593
-991094
-986716
29190
347810
-151138
776822
-835240
-490547
803444
466771
-739474
655547
566455
408545
388287
938043
-883173
209277
174902
860896
-905377
775049
949461
-453923
-601266
435111
3693
-520487
319941
-820340
-180015
960352
72749
-521495
-562954
932472
-295223
-248897
231338
-729588
362662
414413
-495878
-583228
708758
601797
30103
781100
181771
324080
525153
-637090
-62066
-216435
488910
808698
-778160
-69226
-512112
-416763
-865631
429552
880333
396817
-209384
942634
933833
116602
-953475
-180884
-813287
186552
549332
471847
254599
78544
323810
-913191
185498
535902
-272305
-952755
-830948
-179983
-791434
-589092
826052
594549
-258301
-424675
167830
-233002
710258
-20796
150860
236497
-555236
-6889
718627
452065
-703735
-486762
788105
695564
-600553
975279
775463
883507
590460
-36686
-163685
-502249
-304187
575875
560071
-52964
342472
-955066
-871639
126888
373233
-971343
722245
-135503
287145
663058
633453
120562
-805625
754396
540543
591625
714021
787889
826837
-831324
-174445
680680
190291
-459836
117138
-370404
920666
545782
-561256
622572
-22661
210678
682775
-558735
711241
-783168
895640
-535819
906190
-891472
232929
-44655
-329826
222119
-523824
381568
203979
31649
682830
-155652
-182055
47940
550244
232383
-746505
-481098
-784036
-567967
-578206
-54111
104504
-563561
-801868
29631
-390422
-299801
-666563
816261
3582
-672872
282752
442646
-30366
69856
531585
-983731
827347
-898679
874127
604037
907182
-142575
-468718
-909535
-792074
971095
-393148
93293
418438
481098
762762
-551327
-227655
-482899
-519582
-707330
696235
427806
899196
-484128
455548
239708
-272494
-404376
73447
750323
-329150
-408568
-888030
-653014
961161
-415298
607615
-133387
383136
990273
821299
-365920
-478650
-275943
815658
218195
-514846
-59896
-530873
334237
248337
-860967
858318
-509832
-323842
-522462
376312
264009
-313365
-395565
-801556
787081
483675
194038
685073
255439
-153372
629575
-906705
-968499
697546
-898545
594856
564329
-584892
-157604
674895
802716
-358468
-64023
366911
868292
404518
-994732
-183113
-754315
-690869
2351
-421712
-447949
539315
156790
-330232
-220133
-485576
278945
914515
-611947
-84508
597966
-389175
-962808
-127300
665650
-188416
-351603
-36845
84234
581630
818037
-773394
-902182
726546
-634855
-483083
-763668
-616127
23988
125222
864895
-100703
136106
-477875
-515229
-484659
786745
-300732
-601355
-718236
-138887
-360006
797750
-188378
900990
-408099
-597843
-183023
-195008
334495
163615
-256725
-440522
-415854
-143322
-574894
-434912
93309
462845
-119615
-886272
287647
800651
835955
31953
-428154
854733
537952
975975
-546280
-978582
967551
57848
450219
-518807
-436968
-245824
-565600
-416974
-602482
-932992
170770
719485
591157
173471
-51342
-91935
-492531
-644059
-290154
-291397
-78502
-742959
-543719
222592
-751674
-476310
-303108
578525
-113702
-80008
-647912
779277
-847885
-352883
-951014
21863
309964
-703911
103777
332968
330665
640379
-565337
939409
68486
-981666
324276
882721
483494
420826
432006
582718
-877160
-424394
44565
-515656
902832
-514322
771262
419257
-611023
156567
-307069
-832732
-133691
813370
288847
380999
-244129
-762026
533157
971091
-208804
-823698
-687882
535886
-795884
410746
215262
-993730
496420
942236
-817673
636497
-668796
433986
631910
655627
-931873
200098
-116304
-728153
275274
-608586
868604
-774409
-627837
-807652
-430785
-121388
-651837
-132506
580408
-252767
-693153
-155327
684405
-776556
-873111
-232407
-228767
332082
361139
-77915
-332678
-296838
-248269
991178
525963
-476672
705768
-24587
-452402
-623439
37740
586074
-702851
446896
50102
488457
-807376
198746
949463
-125602
887679
-843517
312015
-478370
834509
312239
-554231
-681643
-164747
-416618
624715
-182072
-987421
97956
-391194
621780
-505625
-198395
-355382
-950494
615692
-623563
-682739
143663
559325
-160311
-817840
-597131
-443776
126361
-317872
401222
-495372
506198
140045
114344
-492890
713720
508673
86267
-278820
-730247
611514
34900
141015
914170
-344679
-574484
-255114
-633615
-845476
756371
653258
703613
-327712
634886
-193384
913871
-283878
877564
373071
-697096
-111822
-811906
-718310
-727369
-699997
-214415
908870
-283455
389583
-903220
-368573
995405
576026
828247
-762981
-708458
-357800
-655317
493230
-964226
-27023
212776
258720
-289961
-581843
-324706
-886901
708897
158385
540309
-186310
126381
16086
-28037
868019
441996
-456408
-112147
104002
483719
-954587
-396808
-910500
100400
-579485
914462
344398
-956976
-288572
233644
523059
699904
-578106
712669
-539052
109023
-453549
-916505
-807877
-709317
482328
-369440
272936
-196916
-765719
-61840
-438008
-45168
-556552
57953
636753
341380
541752
988233
176250
-450076
718265
708359
167703
484851
386461
-124501
63145
875540
-3424
-662765
21230
-442033
-57536
-548039
-667560
268380
192851
-108970
-245164
757963
-292365
903529
777696
679305
949203
-569301
574885
394544
-407442
319299
-148830
387365
-994397
184167
497005
-465367
929994
43818
152200
-650868
320868
828740
-667065
-159811
128383
154590
310360
90180
560546
23845
-291512
859155
-72533
178301
-5369
-873656
697297
-621055
626830
-39123
-238334
-544184
-578455
-907230
-612950
418379
-513441
-958229
-299061
-50862
992673
438230
-372829
641607
189027
268529
-63403
758512
203523
-553884
-652125
322237
444975
477947
-859634
-543796
313096
-857077
-182279
-18874
836947
-291047
70707
604621
-787842
271123
641762
91427
559198
-415811
285447
674896
-986122
-956165
-444972
-490856
-547555
313313
-360956
-762709
-27569
228655
91880
286651
-85814
720614
469248
-509385
446106
-300247
-987136
147016
-921084
-201618
458009
-683593
-753855
755805
19969
263459
499599
-895993
7428
-353254
635151
475903
266895
130041
-625795
-158012
-956337
-858224
810107
170733
805131
447209
19261
-603132
750213
105986
258284
-494459
-690796
635794
372208
-584435
-794621
-590364
353411
596029
-949547
-438228
135279
-695989
846496
-112294
161880
891999
-304406
402520
-17662
-55290
-443165
-396864
-322128
-45827
759682
93066
978095
31063
456960
621697
-107360
880730
-84976
75753
-607708
817047
789080
-732596
158310
820746
414746
910812
170233
404640
-414128
-508497
-370720
-400017
-484739
704727
-358307
-918382
509024
435253
493619
958261
-590032
-357843
418694
139892
-439108
63789
-25553
72962
169371
781105
947779
954089
-282948
-198810
841555
120750
-624862
-392001
582551
-509654
-746673
-13280
389344
-725964
-188808
-128527
-34174
365867
-988253
-112986
-50811
-494528
-592865
-802128
435829
-166544
386935
759801
864895
-648928
633282
842172
-441082
201738
653225
-448914
113464
-833038
-483934
365043
-343587
617553
-107703
-354177
430264
964171
-140010
-183568
318389
330578
264151
411818
-668016
-116934
865865
542773
143273
511921
-796232
868371
878754
611889
-513007
-366325
-806032
-231090
690339
-91339
-69454
-364926
437323
627602
-856429
-889104
568207
-574442
298468
995856
373161
828509
277188
-217693
25410
395341
497510
-313519
927348
-83453
-203099
536294
887792
521123
-991883
-125839
-55606
518823
225106
20154
-670812
-837825
-712020
678335
-639704
-191666
234195
987206
39998
731482
-156510
222970
839769
9817
166749
-555153
-715674
-327928
191521
790351
-544301
935310
-331696
194179
-974290
440460
639601
-714462
257513
332511
-843342
786314
-182729
-663649
159650
-510281
-340491
324943
826458
312120
661892
-918330
-696847
246292
94474
699429
274724
-570629
372067
462058
-140548
-505545
-474815
174914
677875
-520655
27070
-501812
-88023
-447198
-215273
-192817
-71132
-576159
847794
1766
-753798
666101
-195774
-72246
884370
846616
-341554
-56497
451016
166022
-835805
747574
-316452
-898839
876009
335436
784559
-544266
-642802
718020
-737048
29201
-89557
-686722
344329
166231
-243118
-709289
837267
-82738
663335
542421
-364761
-994347
-675743
-69239
446757
-976937
-798897
475802
868862
-599518
928965
-55831
937620
-316950
-628477
1363
-323609
-828554
138301
-473213
-489987
-371907
-475618
143978
82643
-726832
-312648
219032
453317
-568587
701606
483822
550430
-985756
777402
307888
551088
374300
601171
-497574
-436029
-774187
-528924
539919
-262015
-575276
892310
-176212
163461
-287813
-644109
39964
637414
-59113
-543583
116229
-758406
608006
-814557
-640306
-653547
922310
367028
15337
440780
-753252
-457709
-141598
-11124
62259
-433198
676704
483686
832003
175152
829567
-106713
-888326
73463
527284
-5354
-957083
768815
544938
-536983
-256497
899030
485964
-331628
-55440
-668472
-203398
-702244
972522
557166
879420
-718823
-153060
339772
-227993
-401422
689147
-976604
-477238
503090
286566
781441
-802997
301067
-277780
-527694
904553
-535632
59044
337768
645446
-327319
-392881
418036
-315658
891985
468004
-193990
-926632
-497897
-835712
-157702
-363561
-251875
-608909
-330125
634268
928150
-709383
-467904
-919268
-37303
608922
9583
494585
-673693
465392
603157
-455101
321325
799993
-491694
-462468
-63792
674837
728647
459621
660801
-609197
-248730
431915
-562809
9303
-82530
-87750
-420059
-325535
-988015
891681
-426335
867771
939413
77698
-546043
-930255
79868
933669
20941
-398531
-943047
-154161
-932779
-158614
116147
-110177
-323708
-789758
970275
-512884
-392716
344709
-724592
463838
-307736
703602
949001
136826
-767411
-727521
-519669
793991
275756
169927
-794308
-111303
-851082
204319
824613
73896
-652728
981302
968783
9144
154244
536023
-591695
858933
-892855
570375
851971
-758673
573613
-535561
-508193
-190944
-693861
-764306
787938
-512469
902612
-470498
-956523
-638221
-782497
942385
-651780
-869804
-557965
763038
320064
691658
-222453
-7763
801454
-877414
368384
-883673
-144828
-795390
923759
-119326
-465808
974487
823686
953772
-473093
-71037
713858
-657521
-312270
634575
196399
-289681
-689669
261637
-237677
48255
-78915
653162
-485768
818674
-837478
175323
-501184
289042
-130134
-400643
-669606
535412
699167
831440
-245453
-245938
-152819
660978
326125
125667
762594
985059
220461
389399
-442332
-211139
767451
-600343
774047
426245
20866
-641979
562708
192369
-978673
-260892
130904
114654
-473115
669908
832773
30279
-186761
-52842
-23839
636581
-252355
-922283
456938
-51419
-292885
-744773
-724103
-871573
307767
979616
148147
708604
513393
198485
656386
403637
671221
-367504
-744749
529652
-937854
-922147
52601
-722153
-262351
-54601
-495708
743224
-107763
-645147
-625596
793151
968638
-970364
417020
-794066
-553083
-191630
782311
207520
-432672
-778716
270815
-94765
-206525
457256
-890465
-413168
-652437
-734236
957803
-203502
-620857
103019
-612814
-725025
167577
-715126
912706
411217
112978
-712453
212124
824930
-451573
736875
332136
-190786
-535524
367570
-948193
165368
-815169
130829
701943
720594
-395190
-512223
-40835
557779
-533138
-430933
-624519
-151804
-606164
869458
431869
-622898
967884
602811
41001
-664317
-920516
-847905
-741700
-19082
-104043
43443
747432
739916
810698
-710308
-213909
785035
376883
184264
178944
345967
957466
-318233
-764379
306212
35718
-866567
408945
406823
176719
-447820
473769
315431
708397
977671
-791039
377102
699481
-290804
-476337
464784
90646
495796
474501
472574
181791
-417946
256457
121511
454173
621714
18619
-470343
-693014
391102
589741
-116184
-336248
393120
-60265
236430
-140987
-159133
669835
87456
196427
-62115
414532
597567
-388791
-21100
-377042
523185
-806543
-725025
-364370
276174
-336367
502186
-94178
711585
453214
-823427
-25734
157188
-540016
50497
-924087
329849
891550
-859964
592261
966387
-816387
-989523
644551
455093
710401
555078
-765475
821873
946410
688929
-892944
-92082
-292970
-878293
-534096
20251
-215314
-586744
217025
-547812
557468
401289
-848847
-591120
863493
-836376
-593323
-225455
422145
-6029
490536
121263
-712798
-675581
500532
910636
542055
-619508
-370956
-52948
524119
-966453
238199
-465480
122769
666263
-307499
-243127
356129
638210
-240456
-875096
867490
-233586
-703365
691864
477337
-708944
645064
-581535
574824
-365501
130249
807135
135925
164990
730555
486914
-792986
871130
-985729
192178
-138633
285298
-862641
431764
-316244
-439575
-924257
-758543
-771674
-918915
393518
-534375
-650669
-794549
-823441
353886
266457
999826
692585
-66163
374858
-948130
433781
39605
-703014
-800405
748378
950444
-641155
774419
590282
-916034
732674
-729138
-969598
806114
201660
-81024
-236368
248755
-976347
921920
-365054
-396819
966741
88333
-103900
923959
405987
-551507
-452203
-479894
-300204
212940
-222853
659011
-516025
-151178
-446369
504446
795626
-309480
857629
180827
-795347
-186945
-540820
716996
815821
549356
486292
-695667
649989
786881
730739
-350238
333146
596939
937727
630964
749853
905749
494054
30311
751058
-725898
-176011
-675063
-795119
-86493
-354599
677959
-69920
763590
-307667
-875771
968330
942459
-941461
-704698
75072
181831
935337
-490082
107510
322883
818665
647414
15151
-407486
-476279
-577367
888329
-312329
-786714
459517
-560420
692502
-933226
784343
-800814
59981
-88109
325463
-15343
820689
-363144
539929
168321
-264181
272755
646507
23150
94986
-999902
140509
-402449
395414
742763
223317
77579
580854
-15700
122890
228348
769885
766332
808804
395290
550625
254066
-157713
-136845
-629799
-409779
-808461
-812604
893331
-188265
-766278
819632
-876776
669940
656153
-933239
-447524
-484771
738412
-950944
-55494
571088
181518
613670
-45781
809061
-499923
208068
-169284
-745315
-754210
720736
597394
489598
-538281
-131833
263374
224391
571062
-972493
-195005
-334449
16643
-369093
740432
-184374
-6415
304953
-366670
519582
-660103
-412867
-493194
-137264
762613
419613
-492927
-958533
702579
-669478
900449
639959
-419009
915632
-617229
-394130
-56252
536895
842786
611299
-662533
-144895
-681875
330909
-980334
-920444
-693108
569300
-140179
432791
-150598
718888
-236821
74062
-945139
587909
-465276
464172
-513078
932488
-928483
-832382
-344901
-927807
714562
-105418
-932952
-832998
-38611
586988
669928
166639
960144
-793467
299096
-1526
-459422
-816127
369223
-486050
-105776
-944360
-751777
118273
609235
-8848
18577
-496842
480386
-468610
421976
595268
620851
-988830
340378
381676
-440576
94275
-777551
-351669
71722
104734
-454876
502423
-370452
52328
185015
210727
486528
86749
-613173
-297297
835308
-729448
-681030
593153
-511821
-699258
-362219
-627475
11807
299391
-954066
-86618
940179
822302
900805
-228971
-65126
-558766
551834
546909
323620
-563553
-100075
-288818
-61913
-506529
150471
-243753
-486293
854982
776229
-465482
-508667
-199976
-211531
-562367
276960
127659
-158529
-744133
-323450
506417
805697
-285973
-431958
-102771
-114826
952166
-202936
-711086
303831
415438
943971
-13358
-414394
-456981
-25660
765052
-538121
562537
141609
-807690
541828
209828
211671
-994685
6094
-917717
-568966
-671311
936618
673269
-530053
109214
-464902
245784
-768932
592299
892834
-655643
-395948
-688394
615031
27132
312555
-332136
331315
-866351
-290780
953292
970484
-290927
821660
241772
23277
-775765
-889004
399270
263142
-903707
-409468
-439967
-687907
-906182
811579
-303035
-388916
-507228
382908
-49862
-590950
-786320
-61949
-156361
-334752
11952
941869
-786628
-197600
294921
683335
168462
-115788
803497
-369204
155572
-526535
-883429
-202104
210116
59447
864289
365010
652452
727412
-803736
610112
-456852
494344
219852
502984
516220
-878709
34852
829304
-522148
-842552
171393
423887
870970
-662558
-533926
925113
-956873
-999177
500320
-794984
-589825
785489
796814
661765
-644470
20808
779063
808742
542525
-532297
-211282
75387
403842
405543
504197
655767
-858823
-456615
-841807
-251416
106749
-248142
321554
-699195
-194441
-331591
626055
-776854
-376781
-739292
-527602
-770439
-148815
-716057
-16060
451524
497714
653400
135348
-989047
129963
-874054
-807501
544787
545170
270261
984669
895480
-276187
-579734
-982223
72612
422816
550727
194137
-815654
-368454
-806386
-85864
-333937
212840
-171803
-544215
593242
189817
-874337
-459312
59885
-667584
978733
-938012
-175811
57165
-858409
-622863
-986269
681729
165344
-684299
703482
-376655
864241
943978
901110
103060
-448954
547381
477600
-238126
-638570
368339
554217
446376
341809
173083
103522
-469475
-454204
819967
420961
-977856
-349706
42998
423847
406945
-271283
794400
-90504
704486
-650711
950184
508716
205649
674535
-583151
-533676
138740
50034
939053
425018
-610718
683578
-890622
702317
-305336
-998170
13363
-184155
-635438
-434942
67699
41713
765206
-116848
-296350
-600010
-443939
826201
-72796
-620900
-516956
266537
332199
-698130
813513
965051
-278462
474371
-76747
655746
818874
274866
-682188
157066
955985
408140
-143902
-295126
-162135
136855
206173
891246
-836068
-938170
-853943
-810809
-392170
-596557
35271
-769785
874686
-706781
523576
-279986
96040
621500
-959809
-436999
-276892
906213
300190
-360213
-284412
635922
294868
-298221
-494632
-335772
-278230
22876
603393
741067
-340438
954790
967217
641292
371647
567746
-568882
728500
-423163
-280273
141536
-289619
309286
-707695
-297638
560523
422697
599671
-204517
-505087
700692
625473
501956
101046
-203427
-832668
-437255
-351816
533611
-618408
804680
-35816
396764
-654072
595963
-337918
-886479
325486
692765
-811939
-853159
783059
158496
-170297
893148
483129
582114
52391
883971
736665
703985
-127587
731397
-939240
-538916
337730
398415
371773
-551870
272786
-374792
211593
106225
-720163
-640073
-472479
-612491
-712006
-619241
983918
183572
-40636
489199
586746
296468
93885
-189867
-340159
745131
-405726
308522
-676414
114249
911359
-200806
-830416
250900
-31205
-131906
447623
-489262
670939
-897116
-503563
-457704
-261672
477553
-49922
-222222
-28911
-254712
-82262
-197988
-745541
586059
-454815
595562
70904
328795
-767171
-427208
-503382
-567251
-931433
-240024
155183
-826550
590350
787356
-14263
-821285
243590
-297261
867017
111569
320245
-638118
141381
-565972
-235608
820033
995718
-714238
-482929
-642811
-369752
378482
-333634
151574
-720127
228185
-283612
286093
-66912
734873
-816687
-78328
462872
-174191
-520082
-688400
-55191
-22521
661481
878080
579693
-939072
911225
-92911
-734434
638834
545362
-262386
309186
-449943
-743552
-967097
-20727
498725
-747905
-351740
603778
161696
712025
-141109
-802073
391802
-953410
-722939
743897
-267796
577640
49842
-760818
-27744
64725
508828
139294
-23692
219014
-299252
-670988
-130055
237906
-31518
-826291
353499
889337
-577440
-408080
-122693
-794234
364551
977744
-834718
517302
346186
721393
-523904
-10596
923165
-956208
356408
981216
416328
-500026
50641
-523636
67852
-597944
453999
418186
-936358
-313131
-812310
90275
-48632
-305247
-540472
610301
-445556
-567741
-442939
-26775
-223477
-410823
-269160
870588
971778
-860711
4090
-786175
-649424
68666
-695636
26644
-26657
-221985
950722
347467
-139433
334954
-631574
-267216
157430
-611470
-219170
-799210
169068
-677660
524651
-368636
-556094
298337
752217
493
-350014
478429
643685
6476
233328
848879
-559399
-933555
-131294
-767863
84238
-900645
-543310
113172
848922
-434239
-983333
667193
-990232
312332
-949730
-451135
797975
615901
-160220
-88851
-427916
622361
-329563
-69570
465651
-189674
-560930
591943
-240674
558461
432209
-428048
111309
-418740
600117
428432
-51308
-616652
-424756
-9465
688597
-101433
-783113
294473
-728839
-626272
-458364
-501602
-576243
-16117
829816
669258
282978
-703623
982551
-505719
558405
204504
373365
610503
-361514
887047
-951002
398455
715359
-2220
604258
-94117
349707
-791644
-817331
-446784
-294245
-272613
-203782
-327751
-44475
-831997
-153425
-150625
617502
-76760
383473
626117
-782974
-191202
-632215
-504971
728775
158502
-787083
-743866
220457
-735427
-968653
55307
-24943
679864
644574
-545264
-622222
-662839
-890880
909990
136173
752169
-81572
-811490
395566
-801745
-632099
-659157
-109444
-750791
-564372
-251041
127041
184636
340205
784525
-603139
-728935
-242596
58481
262667
-457321
-744420
59557
79989
-841668
-499476
-53363
-921388
64145
809116
922480
-481747
424538
-341455
-9500
852269
-26930
-477681
-289340
884564
12912
668160
-688397
-134859
793539
-813167
-390889
-123621
502999
477924
-682643
805009
-666886
310710
-342347
947402
-300287
652733
-385627
-672734
332460
792227
-701927
-775779
314489
-345352
-711570
73177
89361
265096
-847098
264038
-112644
400739
-464968
878427
563204
870826
-877137
-722481
655627
-475310
-20313
195965
967471
-830604
-817703
-972661
941046
968799
-719947
861883
781130
-47793
411899
978435
156309
-880098
-745520
757114
-126009
496982
-636438
429995
-427333
-862528
288477
187716
-606165
-160943
-113680
-700773
-597120
-524288
736010
672232
332792
527001
691060
-874738
29117
794979
-182211
24416
-279491
-725252
-151230
-566813
-577851
-439436
390632
82407
835417
162525
-755235
599156
782793
-810919
-653699
223597
-625403
167036
393637
312901
-271806
563226
640198
655354
125541
621779
-657492
153168
752931
724967
-656190
873960
-38731
-465915
944430
-427023
37420
-308501
719524
353018
-242962
-5001
85648
-18762
19211
578122
-319715
-733997
-662125
-488645
245605
579605
-36905
-744595
231848
642817
-814781
567470
-891711
-121968
-722686
95171
-479841
250789
416427
822852
-871283
-227026
593731
228919
-864396
253284
832744
-320617
589540
23745
-738711
-53795
154871
738812
-193130
933387
-290562
704586
-945242
-15977
-541350
805750
-153715
193254
659364
-352340
-882715
-732612
-739335
-763949
-126993
633693
-306605
37173
-311285
502736
-698100
-638385
-952400
23491
356759
572859
-845511
-323724
-591108
-897047
-566794
-100184
702314
932854
-918523
-244148
2992
984436
-92686
338197
285746
-453169
-4621
-309848
-209905
-145245
585835
683085
-907542
131239
-84299
320798
182518
-520335
68891
112110
-679533
-918112
-234645
-242286
597655
-673287
149973
371431
-410567
566465
-895016
926169
560435
720181
582973
-328178
-928705
829140
-398058
247749
36528
-282298
-6729
123027
-481012
-854318
164259
-164856
-982196
482749
-396384
368707
-551234
200927
-994149
-247371
-126873
282496
880577
188011
-883443
-199255
270460
-704466
352499
-163089
976680
749464
69778
354898
551793
-438638
653950
-916023
774075
-980991
806856
-54074
-573373
-711040
-18024
-458697
289001
993827
-492901
-911120
-259228
44844
-23810
595577
686225
-505603
794926
390145
550733
-426674
188435
698085
-568489
744696
-333446
-808800
545460
-520001
-658754
767674
791735
-73661
-415468
-754331
-333588
-867453
531873
-252328
-390083
382577
-900689
207041
-311457
209519
139959
-929920
599551
-88493
-614794
294214
-305107
-59338
613141
-488487
-6041
-981305
-930855
-558431
342382
132651
-242376
-597383
190260
-152797
-894957
-159554
9734
-229699
-238550
-595184
304260
-702043
605329
-348180
-114389
-561330
-869225
-603265
673473
967143
186922
22799
-214459
-423394
-699194
-790702
-944504
452207
879776
-394631
-237216
129350
-947994
-765554
-813933
-499769
-293872
396717
364550
323363
-183157
-317588
-852475
-874593
152459
585563
722604
-337369
-676389
-347601
562995
319825
-286324
445365
302414
-954199
465102
-949843
161069
-573436
678720
-424030
-592853
-937235
415954
-447707
-200668
785803
-236971
897046
63365
-22229
613830
-870398
-345137
-461303
-582225
298257
-865206
607208
76003
-73587
-195922
263059
788996
-418330
334749
-955968
-601260
864583
935538
225115
636666
103744
599763
935006
-502213
926967
-714065
-568530
-597827
-638709
-55870
868722
275325
-150843
-949229
450660
-173198
-32359
-75751
-964198
-994166
471009
922308
652128
-91034
508926
466089
-327366
174424
-433137
982799
439814
808451
352059
-83260
-715134
291293
277865
-849523
923142
-880432
267297
-557760
-485491
-539852
932319
-91419
-604619
13135
-17745
-54706
566229
971294
-556001
488694
-890348
-420163
353300
-773194
-137513
14381
-491910
-760745
562524
-497766
127624
-285227
579396
-349059
-174184
-818308
210053
-518158
-764056
-241839
-641147
623038
-120915
709860
-903150
315132
-147858
-276096
294824
-116843
329228
-339156
162718
829175
25178
-25280
795454
-806996
-260634
-966523
-28775
415578
860151
-968885
-891263
-789675
-330887
-578633
-930593
-976317
176836
204664
-331391
-971641
942532
-483757
632526
-969854
-18477
314387
-419951
392677
-111443
395900
337540
712942
-546976
-369314
717483
636977
-397717
93229
472639
-73945
139514
350290
683837
-811336
364362
832736
758443
911843
-468065
-4335
934056
-598773
926055
-663449
885590
-438248
-641771
751970
881783
-781710
-320477
-138391
843311
318178
470137
322362
-846014
337389
480008
18538
555258
-738617
759010
-441545
-206703
71787
818298
-839009
-306102
174896
311331
-85164
217047
-838854
-297494
-218643
299210
385404
47577
-535974
972825
-349101
759976
500973
504802
564659
503211
-280601
374013
-697470
-371643
596900
497393
824124
796291
-617165
976780
-921743
-509691
-205273
832412
-719706
977148
130560
-121384
-80385
632549
156611
726934
-578340
-130794
162203
897396
-586393
-914685
932157
-615628
-305163
11212
301135
-249941
850438
-32614
-112379
161329
-578942
-765067
-619831
383859
-236641
587009
490125
-828524
-462316
723250
359262
159243
14006
154265
-859581
-473710
938132
-957323
356293
-468181
-835726
72870
-973303
354222
101612
927551
-633183
-274429
-811241
586325
-244034
920596
-872096
737759
-71605
-40656
-785893
-182586
-684409
-900024
-231611
738801
522607
-728255
-24136
-515923
333520
-104074
-50279
-50301
-71651
-141867
-857875
263212
-107608
-992437
43902
734339
-859684
761727
515776
-294525
-227094
579077
-819967
-54401
201613
-573417
-658727
-197045
-648044
806712
222856
122810
-787940
216187
45949
893708
528861
393051
-61878
255609
-862393
-511010
-781518
-794563
750758
-631113
192943
944109
862177
-479970
-188120
309434
66119
905863
137527
344102
87461
-720779
425184
-863225
86487
-945820
806952
18224
967678
-404630
739756
-16269
-411980
-528721
-304069
351255
242734
-914186
894172
31219
600501
-598418
-190125
-695866
-813100
814930
79142
-379261
-934580
-762996
469143
988398
