852931
-976692
710420
431493
-188219
-887146
755093
26571
381354
-765196
-836117
-539870
268566
374251
674781
-382506
-568626
-915962
-133229
354403
366681
-428073
572911
-562271
-416834
-680493
108643
-970418
-349353
487007
-574269
881953
-962316
239303
187127
-116607
-626518
-89946
736575
-633060
-218285
682738
-89094
131897
382860
-842321
807222
-461102
-768044
-617273
-941830
768245
400336
-725704
-893955
-321553
-257390
-381499
813358
-661640
538089
100587
-579055
940082
712877
604532
-334960
-699707
272939
-344793
-871171
905096
-46856
44666
440998
306353
-767948
-210755
956495
-744806
-319163
665373
-511855
-166934
-148777
-26779
-695882
-588782
168902
146079
478970
452450
270903
-611136
121608
-672898
234555
-654020
-991975
6947
118225
-459792
-8247
487564
-367957
396499
-448032
26464
-508705
-14038
798151
737572
434654
869888
464788
228005
-198216
511263
844907
-246494
998889
-765076
939316
263835
239951
-478869
-268021
-930948
-652009
-156996
-189912
792589
-594162
-375096
498704
-138619
550935
-308127
-289892
-37069
-617586
101228
-115562
-73344
451840
273519
-267560
38670
150577
-643432
200604
164400
-104449
65325
-756282
-587376
996133
128541
303843
-254487
861815
-850207
42573
-885216
151315
-72454
302645
-786464
923339
-577783
-564425
-941764
177803
-410379
559083
599955
314198
-383838
-922600
492833
749260
543679
-731967
-72864
-949303
625895
847460
706568
-74189
-806226
836143
571092
-321645
907604
-533856
-128812
470184
953546
-343971
-844479
-929216
-950744
-789040
144295
363305
-614136
-503875
641328
-446957
130401
84993
430099
142049
-696262
-988328
657019
440510
594616
374931
281855
420871
-661580
809211
-855415
67782
-211826
-175110
892409
550328
358467
-846956
-487960
719855
758264
-33678
914707
-676843
483776
538190
648263
97038
-829094
-817475
469798
579900
-322243
932014
-178261
-744538
85126
-113570
696383
-300144
998591
18020
-533312
-266733
563714
114474
404444
738105
-324929
-776331
74347
-403854
-179614
240258
-463173
-111579
338374
939693
-311236
353238
-559942
-511123
919644
-278250
-343601
-346010
669548
306821
871938
857139
-176050
-41759
479893
596653
397606
326491
113786
253237
140581
-949850
-567780
597395
565899
429653
192278
-805290
-27521
702173
-123665
-615119
-856258
825966
671114
324072
405118
-990342
594107
666837
-859104
-131520
695254
-948350
674535
-246219
35493
520130
-970060
-444941
699563
375293
714268
-279014
13076
-599960
-422321
-270431
736301
931850
595276
-899284
-516194
742954
-67874
36886
775850
-780234
574788
-470746
325080
-23911
-466763
609150
-953758
-148231
72187
-996823
639491
544233
-561920
-963046
360723
-24244
853689
-101393
-345620
668990
-770874
213797
395042
-60432
738972
557190
-723644
-674726
303341
-961938
203837
-899236
-63874
653381
827401
-256333
822260
500694
208526
581205
356426
285772
204813
-177162
797168
725200
386754
935636
-63477
-227254
466452
-82029
767137
405854
-658060
-541587
613480
-739882
-779632
-646765
351734
-492318
-788342
200638
-479040
-964082
79916
-381443
-468192
598315
212118
-334930
370636
-320593
-974464
454625
824912
-905513
779310
660016
134309
494550
6768
53049
-168805
-967826
40344
-631576
866030
566034
-780911
156213
366067
-405541
319596
-271372
-693083
-435282
-408679
953252
644101
716209
928958
41510
5207
553255
919003
948068
938460
-417929
981329
549103
65659
-643810
510532
-179374
683823
-257292
805130
507297
918584
269655
-616014
331254
19767
-963577
-416666
838231
-856652
-989969
837718
-39659
-550839
124125
264455
-766035
264753
423345
-840376
279200
859361
-212488
36267
858751
-432869
127450
-948964
978149
-729098
-49167
-353900
306100
-232220
-268346
-576484
-517997
748878
989680
110376
635672
736537
237925
-6575
654769
-685214
181739
-452114
-742986
-244079
130815
260730
165555
250182
-795260
703795
-232853
807346
-194489
803386
342511
-404718
960935
868732
-827837
-57292
-389156
-187070
138366
-529383
-246741
-484681
-349102
340176
-843091
174968
19554
596487
-355090
317178
15186
-971750
616035
-663744
-257460
500752
646281
862248
901307
431283
87821
702443
-146878
492156
962011
-650993
-122142
291652
-726040
-968412
231994
-301229
736980
587575
-317554
980790
-660049
455766
-381652
-852224
830678
681721
943946
776807
-836816
11899
628235
937278
851765
-245611
-767988
123681
544280
657510
270345
-802405
-971087
700408
362980
302910
166307
-800349
596822
779285
885249
-945828
-334511
599530
-907304
974609
8210
-539682
-521724
-613134
-372533
-506441
-585942
-296562
-39966
643945
599791
-238596
-49313
-853340
247571
-569869
-38306
611608
615505
-511117
-989924
673737
613968
148418
963975
610720
230364
-413747
786179
409965
-446336
-552228
-329708
456631
-528221
-590630
71577
-502864
265874
875424
240095
466836
-947300
-317289
-998416
579400
570056
703916
241614
186333
710674
-4934
-293349
885927
-552892
-126027
84353
-878599
881045
-599277
768401
636592
-256728
785696
839808
223363
-857857
712446
-372453
551862
-515538
604248
298126
-518455
-750005
992336
758185
-408786
748283
-943359
-774638
784727
303615
-331133
-898964
-248449
560756
-909393
358330
33926
-903219
-677036
760043
705700
-996159
423872
-415170
-108252
54151
366494
-491855
400138
195489
415366
318556
-627877
752034
925955
352618
-148680
205501
687189
574354
-875727
28077
-756306
-811335
196902
-626087
-953006
-176876
826401
59658
883945
-601053
926615
-797602
31402
-949266
-221534
957864
-233017
-264420
286815
-36471
-967284
-218169
973370
658466
546011
814091
-733380
-608576
552009
-495924
26395
-553430
688560
129308
-427731
-605941
-850083
-415448
225002
339357
632990
-20094
218381
-289201
-272233
945231
849322
65377
-762325
-240079
51421
500021
-487419
781698
977454
362263
-490682
129230
530792
-980597
769142
-627599
616521
-624801
951825
558815
-88671
-800458
788382
-175031
-648983
104861
573998
-938146
562966
936054
727982
-570764
-499675
878803
996120
-30840
286887
-316853
757271
-813210
451144
116224
20968
889168
-27297
136785
-519085
-868077
-967764
-419953
301210
-651637
-697670
-714957
641311
-603781
248112
688632
-604546
-831183
688721
-833360
153586
-924815
-127674
-172559
30620
-187173
-483076
-391098
-486745
-672002
667614
-168068
-308014
74533
-902408
980402
307401
563044
589751
-13108
427046
-200040
956938
501644
-688681
-184198
164253
-401762
-280389
-516129
7576
887888
-811371
-65394
-157887
-525181
981272
334217
-955471
-103874
556134
-429502
-596585
14780
-62860
-704375
-119548
286228
-538449
-712886
295058
737773
100783
715905
405635
-294213
400909
-989902
-969167
651019
385251
-647001
-215063
326891
-401602
-69499
177096
-78730
854788
-290473
-527851
-902280
-118637
-963908
240408
-863049
-877917
82696
-692781
966527
-347449
36466
-587350
249344
527334
-618294
-586395
164284
50934
-488831
993622
149478
733886
-514334
-153923
239340
-758392
-201166
-192461
-523884
898681
-844808
918910
362325
820507
277722
-145949
-73354
-888799
370305
-227544
165759
466130
645671
-460306
-657508
768066
-206254
-72744
684208
-193347
327062
-266634
942240
882290
916200
-897295
-19201
-931463
-136403
-680834
696016
-638564
-243415
596487
-912666
-586409
215208
-422146
369927
592657
966958
-534587
-435849
58792
-884210
199198
135284
497656
-681419
106892
-849184
210451
712926
567233
-211340
350534
-199894
298477
-935101
113872
489145
-568628
-780495
-967793
607911
-267503
337743
702185
-338079
268516
544209
365759
-496250
-78771
112796
-582496
916723
74274
-214940
783461
-384256
-526080
539758
360610
-53158
-327514
-937956
427000
-659526
-293179
-384531
819757
-932775
-815650
551261
398482
-910188
781609
-797357
-879122
-635411
-104749
220659
-672850
87043
558814
-134612
-918476
-117877
214827
710459
407942
771901
894442
578622
-305923
-30754
230600
708013
-422236
-731969
-205423
230424
-206484
843912
-281305
-471985
-877784
-741031
2706
90716
830410
-324799
313726
-836617
-453898
-501901
-724252
258850
776765
-133583
820172
715997
824154
-154669
-945174
-595726
-227709
710126
-39651
-984617
116363
-532126
-316674
-477181
-778105
-808190
975010
-516324
309204
743459
-786309
-835574
820256
-875530
-446636
58514
527699
-741885
106084
143823
833810
394706
-579214
-356041
-589508
126943
441119
-885704
-659164
-33534
-667089
-694956
-978066
-936165
-985301
-20313
573495
316272
-27045
258506
-817954
632858
-181413
536776
-725555
711300
-188047
-198134
107800
-727954
-138015
-658837
657749
142626
-466922
-57081
108258
402327
-511019
-170486
-760840
2303
-355377
38642
-452530
184650
811155
-678273
487318
-319005
-796778
-513483
463227
-618126
-563366
562018
782573
-857619
277354
-861742
217113
816133
-360487
650196
65477
513530
606247
-180632
332226
-105321
-838875
-692148
838221
-896969
139630
400762
-618036
-536901
653002
545421
-202700
578201
485323
928346
477343
-226905
-146166
725142
908999
-282220
386236
-445475
431322
-839234
-563333
-555565
-639368
658796
-344479
-884699
978158
-208850
-145956
-371786
934533
-135468
-623283
-382752
306729
281978
-540575
231880
93524
568839
983582
-350556
392788
850533
142711
116338
-963026
5382
-62373
-363952
783949
-471598
-566578
830784
50347
635352
-425661
-270162
367299
-395680
342684
-155221
234391
-891059
924345
348534
-237108
-303559
648108
14238
989942
388752
964646
-991027
657612
233456
-805258
569889
941132
-337511
41717
209007
-5067
184206
-243825
-684408
876554
-778721
125891
860763
-849895
-495920
-497833
262047
585314
966587
486022
-650000
518213
-861892
-128322
-194544
-542009
942579
919155
-660939
229269
596372
-720932
-392642
-173171
-815845
638325
648009
80649
-130870
345354
-791346
283708
490421
-521658
-823400
-177455
107386
454978
-134057
-871673
-607615
343039
522237
-973558
-917207
81897
-969572
-127746
-135826
356618
-804660
-49412
820497
18705
58415
-27160
-856058
638285
313874
-4720
-337208
-38545
826778
699084
-105149
-171124
-963593
226795
-971138
-2720
232649
-235272
496687
-136793
-711490
-980521
961983
-577952
-399583
814500
-533239
301869
786871
217390
667610
409084
669697
535417
847623
-474737
127598
796529
-654976
-596316
-251115
-555021
361432
-750935
206805
-423832
-908491
-119990
-543461
632545
-31173
418031
-482780
-35000
-88557
-421851
-667389
-443798
194845
3487
-326176
741277
208493
-391608
-829342
-437191
681157
-883759
846026
-702309
-169925
766829
617502
-937473
937337
789688
-670713
-43904
384344
11444
-574917
952886
-95216
508757
-829853
87100
400824
-446699
886177
103677
770605
652016
-837504
330208
42965
-373566
126180
71351
707850
-800969
-342936
-968678
506728
56339
-255255
315281
-888655
-422871
-958396
-977837
-696304
138653
-835990
533521
-995632
-146847
-773482
28766
-221296
-473382
453196
-990851
496474
-229546
321920
-999269
991114
173165
730322
13066
-349726
-49625
745388
-974374
282783
-608610
-942342
217559
719562
-426132
-163657
-924056
-609797
911185
611324
313075
-949334
-880928
821009
-853440
832659
743332
-44771
392982
-551281
-874240
442759
-693289
-343775
-146405
47108
758632
365105
-254116
806291
-797273
57421
165391
-64292
774269
890053
823280
-106276
405903
-319576
791740
-719760
-419568
-236959
665452
-654938
926012
975004
989030
-624837
-430559
268566
565351
-552752
82757
781064
-375996
-813142
-238666
456451
484345
376684
711873
-509064
-294562
342853
-201871
-410634
-616727
-840140
-394570
125615
-358225
96414
-776291
788030
179798
555468
683947
880067
811878
767546
678708
-322282
-148942
-213218
-134760
738702
347146
-433356
-121887
-544258
-272166
487965
682898
-336385
-843226
247728
-11764
-290328
148395
-954589
-923066
234223
-250120
892468
472454
913209
-830095
-630744
-723853
989567
187997
543537
-597120
818621
-603956
559667
773869
782442
98868
769622
-187401
-595988
-941425
869564
256689
-973110
859009
-933686
168949
-144437
616564
75067
886812
682673
955621
-702059
-927385
-701645
707506
-142268
856466
-951884
110173
464317
372036
-954631
41002
463130
-128350
-240034
408705
-624807
-732505
-522066
443668
528015
-999439
-174743
-196746
-708523
-952123
701373
225580
-580594
-117546
736370
-337936
904792
-888907
-708144
856770
194596
478846
-637925
-454609
-208062
-536135
100980
454050
443048
541821
-596349
-979819
-339838
599004
-545772
-624263
-129124
140369
-153488
-264234
-613312
-185686
590877
-793692
632562
-634995
-264456
707654
476338
607128
120036
-381800
-678803
-295086
-52820
-960020
461775
-996508
-769657
541235
-502520
746462
-504563
-897361
286987
170112
-318720
739345
-70275
87151
267945
379191
768229
-228562
221527
250060
35051
-700152
-5425
948643
210923
125115
-841317
-704691
-437494
-874547
-199664
-365694
598499
98373
-533844
434703
58901
-748240
-925652
-709863
-93679
-415314
816479
793681
-921647
-974637
812857
905375
985321
-928232
654177
-208454
-240676
-387073
682297
-818081
110589
-487082
-598695
-513935
272946
630870
964726
-606836
437730
244150
894480
948773
288671
-281437
-606174
-343771
301342
-452419
-269822
942093
528835
-139738
-736092
-421887
451886
-116696
639551
711711
887600
967619
-543886
456951
-939616
-105116
84797
947253
728606
329998
-165110
663479
-437713
514921
-689068
639090
460610
-954560
-26948
-548239
12652
923968
-192233
-483021
71638
188126
32911
-178242
303120
-502380
-376422
-850641
709695
19317
-971848
-630657
12795
-49911
-182688
709551
-733161
-521197
474113
917501
864978
-126433
-269159
-172218
570772
724842
-132720
-880853
-652300
977994
871027
-312657
-391340
327951
381597
-821511
637391
-260356
-804909
-873925
932943
415119
932831
257431
290153
771920
945827
80725
-301354
-447832
391973
-144028
244735
-929010
-675413
-867413
-730415
-387731
722815
663367
-389853
-508990
685099
22678
734609
774842
-889504
228891
40931
-379635
643769
115140
262209
-468495
-79166
333681
-339
380727
-323836
-309723
-437520
686552
-115998
-17099
-514064
340971
8637
217582
909706
-502669
-870561
530814
-811227
730756
-674991
348881
90121
-242287
-532007
-76997
405585
-191296
-16043
-361108
-999916
802982
-790250
-131019
-358378
-855470
183382
-565510
-976464
743054
-349082
-115050
-735338
-794731
958873
763414
-561012
845826
-306452
850927
-95067
332846
-337032
-700906
148871
645857
608800
-395244
-12869
224701
-152410
-881446
688250
-768765
593975
-298565
948078
985275
-445202
260040
585665
270402
725182
-846535
670261
-292225
611885
-866706
268304
868537
303630
-481114
142148
-611552
440616
760234
738319
-633357
568535
-293311
831748
909189
636335
-465571
786553
322431
603028
-305422
-741061
54379
567349
-604921
775233
386077
309100
-297722
416257
636553
-584503
-385326
251546
421328
-900978
-504643
-605187
-820371
228296
817997
628570
-9686
-411734
-856882
440264
342300
955746
813785
977660
974703
19001
-256502
-95067
517644
-599957
-435637
-573509
-144182
-696679
-526864
-580807
680831
-153343
529521
402167
-322549
4772
558384
796124
-992149
419689
-59722
-623934
114348
-928411
-647115
-582052
307966
-799614
-290225
-500896
-731652
271056
402017
650735
-87652
878005
810473
-65149
-658732
667913
-870827
634092
942495
-12472
608900
-792277
256036
95168
460758
-107374
754533
293124
205783
508737
-287935
209693
549961
-117998
255147
-107097
393931
349450
790353
323229
219915
-562835
-94132
147388
-301065
61349
534131
-576711
981894
284369
993654
-801191
-789634
-375028
-8939
448481
611599
-280732
-712343
-778108
429709
500923
421305
682765
-898010
857820
-589828
-83002
-886730
193580
933824
274047
-623427
139236
452494
-29745
817506
841495
-338962
202011
565693
-426259
-893306
-69019
658502
-389901
-919407
550065
-135646
821662
393584
435833
-65805
-288993
456201
43047
684443
-906572
-318298
917293
-179765
-555901
-510116
91855
217420
-80111
-474938
919070
401508
791728
567584
-623113
367835
-82511
843640
995734
-157692
-779648
673407
637
35706
936395
-616408
-275147
-171219
303194
-110610
487263
-646789
740236
942150
-654437
-166145
781001
-972632
-160822
754277
275563
-561638
742946
-940323
154402
-926786
810210
-541517
-723502
692104
-96203
-685520
-515151
-195878
958126
448733
360635
-399837
269396
922624
-174759
830109
504480
-340948
-312127
562237
3287
966492
-886985
-640911
-381713
145604
292002
661770
923256
-758860
678673
854416
-97303
-93326
-282375
-397633
864418
391206
86454
-114660
684216
286251
-968626
559898
-855188
-648818
-90069
973922
-15450
214830
585292
-926331
-404524
-70860
-381859
794839
-145686
-489805
710800
320249
564706
801046
759169
-570565
-995361
-848476
87202
-712191
-622077
-355984
384484
661863
733306
-718035
201581
-11
-337449
368582
-2400
504593
356940
-300129
988154
-379712
28329
738364
-237226
787887
856502
-645945
330497
-784356
251152
-772421
-349927
-289715
-179194
-294556
334331
-240531
-557520
-368207
711317
37454
738973
777619
389816
-515847
-388386
212955
718303
-107518
580667
918313
87289
-792684
-959013
377388
395557
-603646
419866
117963
617268
-66594
-734341
-383526
149511
-343072
-929603
612780
-256291
-692285
-228147
657354
-548492
989581
-5612
-5979
338963
-716430
980218
-873817
887441
-826648
15198
-503006
-92432
906703
149499
-619337
199045
303254
-40433
-245564
924961
744556
-932181
669157
507526
405985
-106147
-670030
905114
-135532
-220567
940748
746017
320312
718364
918349
-875724
-418749
-922937
149449
-832262
764395
538316
457755
-169749
-141940
908070
-165572
-597914
-398025
-136042
-928091
-467074
616678
2321
-183138
265738
-555830
697404
985472
-174103
-226320
-913312
-235888
11378
874877
520003
-352456
-900468
172432
525324
-739335
882732
-311703
-143426
-323085
513903
809447
-549547
25356
230596
-556818
-300500
-352993
849594
950191
512414
-719727
761582
-740472
-279169
-336312
-520436
-266133
-680274
138006
854439
-701793
674974
340059
500998
-856635
-390712
350404
495131
-571475
833926
763010
315938
757505
-268629
958945
-854241
194458
676248
-38740
-271147
391110
-640330
113961
775000
692797
-754452
-441224
690431
-390953
712909
385012
-756898
-509499
-561849
443801
-432992
797547
-693438
443648
880788
-880193
216079
-925299
752434
-557616
745446
941736
-791426
-976390
810065
-592270
107507
-341366
-555581
-185925
665118
69841
-939379
724889
-150856
531921
-896262
62923
-996258
510922
936919
-709147
247175
-942426
468530
-149221
-622337
45391
680639
422086
-750501
43669
-92732
-378334
-630171
784155
-400097
-461993
-902891
-976879
999241
528049
785861
732689
147640
277541
568880
-619151
-876223
410722
-433067
-247080
993824
413336
-7379
-817867
451755
518570
239366
497975
-319301
-512990
463436
-151427
-859219
952147
-790638
-115266
-199644
-385124
-696684
-58601
983851
-267394
-562658
162545
-841802
882766
296997
-624048
41642
-291312
680946
32790
-953115
-452429
100393
-791296
508706
-631299
-769844
-46935
477158
-23344
816644
687367
-367053
477738
-615600
862200
799041
816821
925959
308149
-624385
-606178
-28573
-66772
-425707
-249078
259173
201605
824332
916372
510290
734268
-819255
-465757
-53496
-45707
-89220
-460505
310883
770670
-651033
947451
-251013
807519
356185
-336016
125112
517188
762016
185811
-903884
864693
914216
76271
375812
368302
764708
821444
297710
505878
-868223
150376
-767559
-293843
-440243
434159
972534
-85153
629415
-378909
-468803
481082
-135839
-741960
418571
-845363
620847
102926
865884
115001
527716
-477234
-280338
916063
-204938
-902248
635115
835731
-240871
132678
99533
6018
171423
513679
-316802
876649
-328953
-246210
416162
788763
-588175
340466
856371
339987
-853993
280095
-469657
-930742
-745870
316507
-228266
872531
-725791
-983297
-73627
-60638
-768101
82050
-304019
-360921
818430
-425836
-268639
-796469
-954516
-991293
-148875
-596355
183715
-649574
-878429
335467
-633937
896210
110732
-974442
784597
367821
692097
-550302
-191588
-204978
-315263
-911914
-667434
-955955
-966601
618971
-695049
887493
863923
-597214
-27861
830487
-47729
-571757
-742170
289288
745493
-164061
710849
956867
-580697
390377
647317
-331368
-469840
-672705
-430235
-29966
672191
882343
-155630
-353240
966955
-362370
402607
930874
666904
880461
252328
-879733
-922857
567732
826318
358145
-520408
-415882
-764937
-722665
371355
703350
288405
749759
-555634
682253
-136904
-340373
-219873
-636263
-570745
-502759
255891
-544103
210025
-578607
918112
-370866
-5653
90654
322501
-518381
-381934
80240
266606
717194
-154733
-760525
221930
-165847
-956591
350567
941176
620299
425188
-760689
-522222
-649144
-867681
-253899
182481
-90925
202730
-175695
488518
-881714
-204225
360598
335950
-488597
-404688
-896964
449805
573290
-73409
-951046
-311825
-693111
748692
352118
250676
-746151
-322050
598713
-123291
454921
184523
-834497
-53916
-585926
-534557
384817
986093
-381590
-333455
-692280
934966
-599263
-238428
-97696
759532
925206
231671
-741558
-297042
713070
398926
-40620
-898702
-70069
-704839
-263062
-823919
313560
777612
-717305
-201019
844705
848066
-679607
411957
-678748
606125
-85023
295047
826768
153976
112494
-152286
36967
9342
-951291
718502
862757
978628
-839510
-590517
403246
-401804
-537104
-906395
-559855
-838179
255199
147081
-538343
244607
-779791
558936
-724650
628837
-677675
125472
586903
-622403
537759
-35474
-535204
-850010
876176
-101346
370408
-210951
394599
-136567
194122
-61197
-106841
-570274
566100
-924086
393279
-554632
56090
-346996
271791
407053
575571
-468430
626516
54982
-850740
-215559
-405335
-543074
622095
135648
-687461
-881399
781046
-527232
687500
-10699
679888
83182
143253
-759274
-798786
-375697
727287
-730942
-299697
-295100
-262836
149563
-224558
-167402
638196
268519
-863012
507358
-762325
-786916
690382
427702
403512
809476
64868
-758020
-455493
261448
-656659
475383
702486
-840440
968222
607723
842471
999035
714629
676353
423472
-547852
829888
340864
-528800
52665
-606452
732554
733904
314603
963303
117
526604
-363674
-337866
-448336
-212230
874826
-33677
-538679
-259544
-681460
-178585
-572381
226683
-434394
793272
-894924
135507
234214
-104308
327498
801015
390199
430831
992335
-915759
483389
-709231
75459
151670
924601
690190
-535747
-74657
355618
482153
-84435
-707090
220913
-78588
173442
-53924
271215
656213
-406238
-793914
837070
600908
791972
916492
119804
-767639
-919705
170112
-563374
808905
-770130
675839
-851977
-142892
-857811
404130
32641
-877874
-757005
3611
908809
-561798
794659
-704132
-37527
808316
17314
-851060
-75629
652111
816535
968180
390497
-931897
166093
-948099
390988
-457703
792633
-824104
976489
371918
-938671
-983188
535176
-752469
-662532
9281
-879497
407093
-584131
973354
865528
-369715
488418
-363517
476756
-294492
-964288
759028
875672
-476076
-538181
-730684
605831
-825817
272304
116328
-514466
-993356
-31219
-162524
-934916
-843108
849125
-694220
-987804
453926
81133
209047
77523
540815
213296
584060
456520
-351245
-425720
837346
-351350
377646
-773305
-73784
-966823
-548862
290625
838163
-117533
975840
794932
-745989
5258
595057
91668
-828655
-1639
257491
569256
-18981
-157086
-993924
-33191
-18571
-346477
-809889
577275
271325
846100
-243955
-400097
888293
-731423
762728
-1708
-87269
-932144
995960
153540
-766010
27768
321864
-70409
451805
858950
201738
372254
368695
-276662
538272
-544449
81610
-375813
765265
-751079
433169
-999535
-942217
260663
-32143
-680667
56686
41604
-956272
-429736
935942
856560
-528857
586083
-726408
842062
894393
400871
-588922
-703696
199958
729080
277157
-615953
793263
520685
676852
-440868
225406
-861470
-973327
-821460
88388
39610
-324556
509462
297686
769239
-859290
337818
128513
114365
-447398
976722
-769944
587889
20672
496887
33169
193137
590754
-293014
105860
570246
-194588
-773418
-39637
504612
513267
-943215
-95261
-19460
-405276
848287
17243
525481
-370980
579629
55529
928099
215875
704355
-703246
-398406
241670
-110029
949700
-780792
514226
-581012
313743
351289
519583
881310
354793
-489086
163166
-336896
19177
537922
547066
-180038
980664
-468069
877067
128161
409505
177493
-337499
-614009
59366
-911196
-702803
704672
-833303
-239644
846620
-634358
-74541
193298
134037
818416
422689
-662336
797880
-706476
-36926
-799233
-929136
594271
391359
230668
33662
-884999
456266
80777
32882
653655
-535772
-944210
-182890
-415044
714889
-286338
718262
-692479
727463
-721904
-424476
-458635
243826
-392265
-639076
-806793
-103937
518368
653758
762491
-841034
-451039
-608105
829071
129778
615411
310853
930716
707393
29513
-929800
-262656
-552768
-641189
-658818
-633537
-836935
170430
-253096
-832067
-664131
-292186
-616062
223794
-614912
649855
-616930
-146991
779265
438620
-265474
839674
261187
-98273
-985974
252173
307652
125456
769385
462887
-906474
570670
-214920
269369
181648
682646
899657
-42438
387119
65939
379954
-319749
793432
973072
430705
-338959
923833
500743
-802088
593276
522033
586245
358588
-556547
9742
-857357
434848
-768913
770889
140809
-541692
713760
-528435
-604406
-786579
58388
935420
-452914
-817108
726520
544821
-434152
813384
814752
459163
-271318
165959
325045
-859385
477188
565661
-192660
-408611
-598236
674781
432025
-860760
183011
372264
-725740
-253655
-499022
919205
-434788
-715535
-670093
-954521
-308653
97163
460109
398285
932493
-796945
317545
589843
682224
256511
142108
-199965
189334
-304996
-7595
-19639
146136
424548
-70866
585369
387914
-464121
576040
-141527
539631
-877677
-222294
434828
615598
-533204
885965
626157
425199
430341
-654354
-348375
656298
759528
29189
232473
-243332
641070
-160380
-400006
-789348
35739
303307
466328
836864
400910
-539782
-663581
721846
68215
-389895
895878
-896530
769802
-28017
951735
-420774
-657429
187041
-100864
-288667
118956
-308894
999582
444645
-366562
314170
-645746
150555
-940165
-867809
-925232
-859523
800049
853346
415733
701481
-836477
-733865
-727804
-877631
-898851
-150017
-24721
-834580
-527430
-741264
662163
-29223
-874605
-255171
-638208
469655
28802
-829622
978595
372602
737867
310299
-445875
-198647
987237
226666
-524492
-774801
920145
-404488
-369251
-655923
176378
81402
-293703
922503
494928
-93769
-170296
-435226
592749
451418
-854099
-171294
-87710
212207
193946
179102
647838
-938469
621006
394517
-385502
782204
-321906
878210
-658274
537857
280175
-989054
841611
-129220
-272286
37613
806955
-253985
-499032
943838
221805
853642
-740711
-777024
-469924
508476
245669
-298119
310461
466727
149540
-345188
-196169
701644
-72897
343857
593119
495128
-645035
692237
310451
-692155
308933
448611
100043
-767089
-884341
-507762
-926169
-791598
411693
253310
-389476
-847999
-354609
62666
232573
-215465
-280030
800314
-949191
-655774
41804
950455
351500
245877
856730
536838
579783
-217457
-594412
-654846
459251
148206
-100280
516201
392850
-245381
-495001
-876213
-961650
-31150
523763
-851237
-602892
-591494
-378060
-91653
-810024
499562
32167
-474092
-245027
-853576
-171391
-33340
-609634
-868985
-183831
872864
554262
-431164
-676737
621878
472891
-157794
129532
235316
556952
-458006
-393102
-221061
674643
-363738
352550
237415
163409
-521402
478692
5109
827455
679601
-38034
-727265
542929
-878166
-386773
-204910
-526201
618737
-207230
-400842
100602
51545
836956
-565573
-766592
834908
940742
-613311
-157589
294624
911411
619531
-624987
-148
358272
-318270
445553
-467278
-757964
-822210
-281898
991178
-569113
-202220
171131
521000
-643121
285516
52996
126485
-487931
-624188
-944077
232191
849222
135020
-368032
-237189
919369
177486
-449384
-334229
-396366
-360839
51523
304383
-230809
-743543
65260
269996
-815699
-395897
-602197
806599
-477780
-427820
609922
793905
-777776
-15221
396067
395597
-493194
934693
925746
-23142
809975
87831
890931
181871
-653483
903295
-709634
614465
364257
-228025
652071
-883619
395122
-196758
-458895
-645162
654207
478832
-475394
-968021
616570
-106799
664463
-687980
781091
885645
257288
-593847
-161292
-372548
-476678
-170547
54857
918865
-216557
-468152
432253
-68676
37427
571096
12781
-466454
300378
579878
581569
206600
-35883
923415
382848
749263
778125
-648017
-580396
681787
-828989
-894209
-463562
883558
598269
-565525
404268
-156146
-88130
-206200
501492
96966
-629137
-781718
-191288
-456327
-274433
-429823
431936
582243
-456359
-79443
295918
-237188
627211
-424390
-95193
-327924
-708514
-750282
-992095
-36650
491785
775339
-996722
-720390
-59906
-957186
177394
-991976
-374508
-178454
633472
-961161
748859
345233
-877614
-177391
-259740
-214729
688154
479993
-368162
998207
-775942
778493
-155421
-350419
-846831
290289
-592292
-435747
-566768
-919767
686813
-546477
930474
187286
543905
914976
565364
-825443
-844790
-382022
338175
-124369
-89969
-345853
-387817
558934
57560
-70885
788352
-962995
-703916
779425
-621145
336146
978806
30204
-960402
-977819
-259573
469602
-866478
696740
-352724
-239025
-299529
743870
166505
-323505
-32027
893599
-214325
293770
-217108
739753
491350
-949516
193940
-900698
-233056
337100
-277567
-499194
-301333
420406
-416323
-171760
-484346
733159
-798728
-618785
785705
810719
622347
147762
344492
585114
90877
698731
789865
386911
765470
911193
264143
28430
-431666
224475
-496416
-166028
-333708
65221
-932963
929802
-233053
-605991
-673520
-636112
767908
-774505
-583682
303942
-942751
-570599
-698212
351574
340630
897167
979307
47867
-892369
915683
-818612
-901185
-568200
-535394
-160906
-320778
-726226
-475523
652482
451766
-543533
437623
-592781
-30486
-142640
219242
733335
-608158
359240
-142002
777300
-243999
216287
501213
391386
-471557
-421881
-683092
925729
-581344
105237
-445453
152524
-801958
-611033
-356810
851277
316625
-671721
-250484
-551124
-619350
-267681
-549244
-710476
328851
-62284
-795950
-334484
-144620
8806
305720
-647357
-749668
-702515
-228285
666685
-204190
-832919
-274172
-586589
-186782
947682
-831962
-44847
728350
-418808
-688677
-245133
-418090
811084
-882752
-181438
920002
-592691
994894
113013
169170
261686
-602672
-116215
735327
812125
-934500
653052
-553532
58857
-411625
445527
874
340871
-7247
341854
543321
-839545
-584923
195792
-673744
-528927
332923
-585009
443327
53423
-213813
669856
148152
142928
-223176
-79975
903145
-361225
-307003
916019
791160
-150981
-25417
724945
518028
-527842
-543232
-94928
533317
545516
867936
-665610
-767959
-414680
-512353
321493
-493824
70495
519148
907454
-103536
68620
-801496
-978478
23789
638092
34042
-586100
-162673
-973473
-546973
-740700
-530221
-984114
-165451
582162
696220
-132865
23495
119275
97478
947265
-590479
278510
444967
-888991
-164910
-665769
-34646
138319
-900318
-861997
770010
-86926
-165911
12258
195404
-821000
578221
910831
454387
-612888
-596344
617296
990661
65390
-116622
-568357
-214740
-423854
-302820
442673
-932284
119679
-657521
-181395
-490434
-612496
-832593
-845229
2349
-902230
239496
124939
547645
-697896
460940
-427967
-830700
969987
-598630
399087
-875944
591817
-163892
986646
99797
-745957
-270981
606220
-617456
477140
-340856
-241427
-109136
177519
-644506
-140296
-731692
449855
217453
5737
639464
-676440
138396
-185871
-206314
372868
-648767
596670
-49093
292844
-912793
-499813
-885005
-927898
993336
683625
-475253
921381
271824
-10639
-544386
-375533
72171
-405442
-185191
-923438
-104514
-993768
403374
261391
-627093
907278
-789357
-643308
-212579
-826871
592068
-486608
-496993
928309
-336406
-557792
-41895
-401172
-117316
-410686
659125
591176
-810457
-311297
414317
331772
803543
674310
-991669
371557
-563316
-5559
51184
-983216
205554
-648445
-708900
61674
507308
660740
-115627
187629
830449
628500
-634122
-691873
13757
420126
214462
643161
-945976
269930
-283188
560623
956022
954696
472691
-784737
-803794
463337
352041
214409
886471
-344779
-11724
-841848
539494
-812170
271364
758946
547496
561308
-477842
-265858
466816
293824
-82763
223285
106356
536689
-629834
-280263
-201291
998281
-428999
-84465
-691947
-890948
228595
627293
439354
414462
168012
360403
-346445
-421199
79971
-682395
519173
-388751
-999384
-581640
-9875
-392573
759056
6066
-545707
-552288
-677402
-429399
-570409
-951690
510718
199885
-253656
580457
221514
56983
78561
-448397
59903
-932854
715815
-614374
-484396
681287
-131213
75766
-167095
639245
645234
-123129
338742
-111564
25572
-880037
680097
288459
835172
-873231
-95641
-285317
291996
-773580
-37666
-701782
-9115
287351
-343253
-941857
-708248
963070
465068
-160214
660610
689817
278503
-990675
804398
8160
-720336
721870
83762
-370729
690551
774835
-988487
-249713
-458531
979734
-341062
877114
90691
-468840
-99665
303269
-891260
-546123
641955
759955
315096
862439
19381
-316314
8287
-788371
-855624
-524831
-372959
416661
491392
-468836
-273947
-515069
-284898
-977074
-306311
-146012
-22612
85794
-784319
-409733
-226186
-56573
-246849
-756160
-684394
-248617
377629
-603434
334992
563070
-553710
-24462
379365
868757
548742
-80085
-906161
884916
-313870
485101
249514
995248
-955739
-384307
641176
-629958
-452913
791280
-181565
344153
527539
-677802
-506020
-237036
500641
-980016
663751
357794
-456258
-68969
716348
-325949
-43836
-545637
149507
113010
-556845
-561337
617713
741766
-157251
720071
-438347
-887420
25399
847801
-205818
398808
856647
-247522
10843
183508
-441250
-472835
-899787
536302
330784
260098
-104828
-12168
-810856
-602358
711675
46496
-809994
604977
119279
175953
-106422
956551
417056
846026
-269831
104174
287326
-847683
-553280
-147829
711336
-600158
-988656
-879016
-848938
-756217
-856774
-721918
327642
-594130
839457
-566048
-852948
-265688
-92542
298448
-472581
409888
-995071
-703153
805073
704212
740975
281645
908237
14968
-701734
-297016
-574826
736541
779569
986238
117008
750875
611090
408950
-645656
718367
-142865
61018
-973092
-28717
862696
-880229
-775064
699665
-301667
-905864
599180
501170
-355766
241428
-109177
-361126
-877206
-977757
-994199
51886
-387464
-833828
-100861
-84367
-251485
1009
708330
-531943
-83378
377786
-12227
-831767
659456
668481
-578929
772843
-605622
30316
-131631
660538
-521702
157750
-288757
514298
517268
553529
939607
215746
-675926
390297
-679860
-183817
705384
659819
-755826
840327
-298095
-989092
-192526
-99171
-70609
815512
-694725
-801852
901638
-773770
411106
-395384
121954
-984691
-357539
-668637
122508
126164
221031
-423925
-695895
473775
-40493
350555
-368070
565382
390592
66028
-952185
785885
710354
571561
86411
700246
-83735
583540
-484148
-993545
108479
481040
-764841
927906
-20382
370047
-874459
-735887
933374
676097
-250927
-488712
-383493
907657
-550263
481636
877935
-379992
270182
304319
-887223
356469
-823026
-930238
247058
91409
-360695
-338270
-300753
-901106
-576717
337879
423400
579222
-846077
44141
-688963
-246921
-724372
671075
789681
-956325
-902503
313799
-552147
-178507
380970
-506993
54472
-260001
451620
282612
199685
-134996
734059
-123233
789480
-439345
-640962
785859
-220716
689985
299461
-806760
705537
-797877
-118681
-577348
-935241
-297147
-45742
-474991
519432
117666
-572799
-535083
-396701
669501
-553790
-182858
-278878
583486
-50938
-58687
-90986
960965
-66636
-559527
580488
163198
-563582
758787
-289021
-415367
51450
128111
376071
-900220
-75466
-528382
276689
789016
-492513
761711
-603120
-197305
-383202
-512759
-264625
-273915
859649
-468266
-669616
425191
-613850
-1253
-520103
676652
-853998
733030
-273737
984326
300268
-723125
-737400
-77691
-897436
-251458
997890
-308656
-387030
-458482
302069
-114233
-146388
514544
-647864
-101776
-23955
71791
178166
100701
-460483
-714757
652127
894575
839079
466442
-922622
-630220
685074
422286
420181
937885
726958
46135
492151
-760745
-424063
-69765
-580839
261381
1166
761403
-938628
-748641
575158
625640
171855
-990690
-815988
-836579
-608916
-423218
658309
-755493
733053
799453
260223
841104
-982753
-375270
640943
156968
89762
713161
-825532
589857
143018
94393
-387859
173259
859016
665622
-831331
-869783
542913
993039
-962542
-765605
361060
-737219
962995
-558613
-361409
-102392
215352
36635
838869
-158339
-326793
-463476
237057
-311787
-136170
969767
-419990
67875
-364121
-458482
5528
418386
324509
-537143
819051
660058
-479337
224157
-85490
386453
-325293
-773516
-528971
354377
-326685
-655095
-788886
-349716
-205022
-637550
939296
-426865
-191844
-228906
694916
-561579
-765108
-702295
-761853
876717
-579181
-107274
-441039
-825565
-867106
-968830
-926478
-247634
-238388
-943166
-618205
-431880
-197239
425877
-689017
-162600
751707
-631789
593935
-415839
750619
904257
-96373
-976530
-199339
74507
-684825
746552
759958
-672275
851407
-602989
-915333
-843446
773455
337610
-543171
307417
707849
732894
-763150
352927
227440
543392
-546523
-711384
-793847
371783
-602697
407738
-733104
158803
412747
-603926
61722
-497318
977069
-559063
484942
425978
906268
196099
513289
-87524
974932
107174
-68847
-88989
-179260
693454
-15556
-551681
525062
726591
867396
110480
-867822
166460
-73351
843524
-925546
-228871
958540
-900468
363639
80523
-254334
-540737
851555
492114
-933972
317373
72409
538237
674282
-650452
850681
736005
-217796
88372
-521830
588467
793578
82400
-840520
191974
-939290
749022
-951382
895321
-756195
314261
-600049
913185
402615
677474
-571843
-135896
-487755
737152
-527699
309827
899827
259466
-525718
-614791
-184230
-310050
-801143
336208
320171
-377932
-835898
612563
-300941
-720874
-252309
72368
305919
-83540
-239844
994593
651812
-248557
-93124
157159
487367
-279142
-190959
-285326
-674333
206488
169980
883799
-123205
230866
-264890
-359159
960192
954881
-572244
-542125
-647149
904471
-879412
-647532
953174
297805
-293099
-177020
-34256
117251
-484925
840177
-745675
94330
215198
781499
326011
606740
-584315
-944762
-945569
-238772
-336581
79667
694116
399090
140743
206495
-983813
-58800
546922
643654
-460168
-60723
428533
62104
-571595
-868550
252031
130096
-73520
175687
799471
78639
675108
836786
999532
536194
89005
975135
808135
619839
-196403
772950
590325
744127
-925293
-47262
-101421
926954
-707041
-168590
-11392
695918
918781
-56355
-845535
-456153
-380462
459877
587110
500848
173029
662434
922557
552376
593080
-700543
-226318
520426
329918
-287500
-526472
-432531
826812
678668
-670339
-957348
821216
-156008
-750912
-795491
-709039
479769
-122673
-387822
755687
-265898
763014
80668
-438268
-352986
-209684
637438
665869
-760613
551639
-196149
-250440
-33451
283151
-994512
-877980
-472044
-652813
-537489
-225690
453371
913299
-444070
921430
118654
751279
-861398
-945735
171857
894375
768486
404738
618295
-313999
-703161
-15313
81353
-400068
119292
894645
-866631
112053
-629295
-539402
463293
347409
566867
-535202
348344
-347079
649504
-817231
-118155
978937
-300691
229269
115978
-9181
-798033
443236
222173
261317
-849901
1040
-170533
-573509
-614516
-583114
730931
-585419
416207
-672211
-398312
138563
-877976
-96770
412892
124644
-782305
-454284
581262
-4922
-988244
974851
440201
-189089
949370
-536495
212668
-390958
476499
403293
-708171
-448839
937748
-70354
593299
-787003
-864383
-688040
907018
-389134
-551263
488954
672302
688677
-695408
56076
891703
644693
510725
-341970
-515406
-457433
-265681
-221616
-281512
940385
-531064
655680
276819
794589
-977214
-931075
-897484
744156
148935
-451420
-518423
515739
265794
404419
303590
145062
279261
-767850
-311232
-641404
-615367
466220
-538961
-363030
132999
-67004
-113669
-938059
-915470
366418
-693969
-661927
-866
106812
168231
412755
180939
312327
-723733
-574451
770155
-420940
386555
71488
311515
-187258
255051
293043
451237
582534
43369
496547
385029
141332
169202
-51304
-615693
-514497
-901494
-246254
275012
261768
-785189
-867295
327583
64097
-845905
-786779
-612909
-481104
-534591
751437
-834966
-873913
-714105
-703353
-77706
107928
-850721
-399833
795830
517772
-318478
35945
-623338
913213
-887663
-212959
-613973
-105658
23402
-715365
976834
820691
-913516
-79722
113317
-921435
480115
151956
983430
585542
854240
941159
-593611
237137
-760625
-570942
150294
679774
407360
611323
749591
-247120
992036
940239
191786
357448
947294
-515095
407451
-962291
-787540
-385273
102184
24353
591541
-881635
-781088
699137
-566540
116368
776857
294693
-580696
754205
-224746
404340
339037
406395
194607
479235
120984
745479
-727381
-26830
294384
862721
-13921
658716
572765
765828
203674
867318
-517040
-978797
768478
-406126
-956193
-842748
-549231
149168
57643
-776150
-941542
320476
744405
-783653
69769
345287
757036
547136
-355242
-140460
-311699
-66391
454467
260163
988943
-41913
-387386
664429
582781
150022
530410
324981
-292640
884735
-541216
-924441
87389
-446727
-270836
940119
-968338
28375
-147746
211499
75016
11332
-38032
691555
53055
711329
-859941
-200748
610394
-966978
-771801
544788
-788852
-757757
355178
649289
274628
-132247
477299
593623
-721053
-540195
-849838
-906018
-496192
851008
199273
743534
-987082
418787
528596
-809095
145376
-433569
914390
-344886
-90933
740635
396458
-337747
-34221
-974778
211853
958295
-905735
-545559
718720
33052
-616538
-140933
-620347
886284
963805
-551330
996823
-990303
-905640
-310158
-949838
102291
-296306
-498485
-833814
842404
470239
-175978
126537
-361509
-707721
-327800
-538506
123972
299900
-833440
881917
189452
122863
202911
-526549
-572468
-597715
-569623
-694208
-892603
-493435
-290243
895570
713078
-62638
-891772
-167387
730311
-320224
-507625
-794587
59522
834870
-540936
-512804
963328
64860
-360442
-28255
-18354
205002
512916
510929
-148806
-735485
86799
654429
-861960
-4619
67514
-884228
979142
805132
-803230
718147
-737308
-729016
-86588
-132312
-616653
-654489
536920
379728
512154
700569
968904
673321
-688573
245883
230504
-386190
233311
227859
-392029
977639
-988703
386206
618622
-327915
-185540
-629749
-430010
-329166
466758
671189
-156636
-476765
-764226
-480571
8935
-222918
-73399
136484
-459341
-579502
890757
-269684
190403
-332721
841469
304531
-770092
-752979
-992489
-438595
619366
993076
62733
-655911
886546
658621
-805536
-551690
814026
602179
906208
297195
-932334
-986725
-600546
696758
-578823
-856805
-353427
482777
498484
-395873
-374581
-855213
-669698
-574788
-349813
-690451
455702
-504635
466083
-283854
-876889
285252
-526957
235570
778888
597830
-919991
25584
-505449
-968009
-829705
418378
-510165
-406991
438676
890840
-274775
-506124
-579126
-755983
653458
657791
685445
-923756
-301445
-552535
-227378
-382732
158506
-590014
589397
994788
-157083
510571
894638
769720
-605658
610639
820716
-975823
882855
-551053
-360557
-976856
163824
-528310
582339
-523990
-971485
300713
-504261
437751
-399390
-389739
-624606
-450402
521542
825406
-719115
-123108
815190
-659755
721702
663635
-350188
-189313
-714808
279856
919869
24572
-781605
-369200
87061
-198971
-7557
966476
-432941
-494232
-983420
427844
516839
899333
-253233
73988
164913
863022
987422
-966143
-650824
348525
-91704
-305115
969766
267695
505226
842198
-38569
612543
-192646
-534040
375267
-279828
-159380
877409
474742
102850
541126
-31211
-97564
-412360
100863
650137
-157657
-258097
-313293
354516
909985
-92330
817086
-119545
748138
614958
-886943
-589198
137133
-201953
742449
-139633
-131155
815445
-666637
471771
223278
894422
384797
-752806
619191
-618559
331599
-453995
-78789
-947501
353903
931619
-319334
400538
-68433
-860089
-215022
-947431
775420
-911781
-468373
-698346
-656678
168859
-1671
355547
-770079
183824
192000
-207669
-869574
-223300
-375833
457591
-331771
-996977
334788
-825929
-250879
695753
-598251
-426764
397548
34162
-781763
-399836
778291
959073
-237059
740760
957633
-134942
-216056
-843219
-656117
41783
146304
276766
334141
254581
721207
570317
-633638
200736
-715392
398163
427931
-724851
756397
-547640
801717
-341127
359569
-792330
-863585
626293
-798149
920442
-116339
-226611
993585
-943780
197033
-796739
438575
-381093
-208233
-767436
-553563
-459505
-612220
395736
-235261
-820310
-366005
-613065
-987528
244685
-692656
-930717
-128363
140939
696446
712531
-120322
213720
286636
688362
-821359
-164817
-668279
343888
-277693
-24280
-754517
-203020
-40203
-922905
591043
185329
-462576
-10847
618844
-724896
-552523
-669048
-285482
-529459
590885
-568388
64038
-932640
-316813
-559823
-871154
215836
38191
-507704
63698
-726306
330009
-929721
684121
-39690
517477
534128
948237
214902
698260
-341423
-405740
-21213
-166645
93954
595246
954950
509088
396690
-617885
44478
209941
-781155
-832555
-544388
437082
-442466
699151
-148478
286020
526440
-195580
293114
673852
694029
-497309
-273906
565529
-332459
-198720
853868
580419
28903
-31291
-727553
-367137
593136
288135
740474
-842079
559912
-869959
156276
-607280
-350773
886698
497673
298379
125261
-277994
-898846
-544425
775808
-839682
95320
-919446
-908796
88511
-962724
-163674
402128
991239
-422691
896703
356480
803269
18830
-99447
-419092
730497
-832407
-119861
-263040
881965
-822428
355519
-910848
223650
-420657
-395833
1913
332021
-719870
-941975
-231174
206023
-354605
757582
96742
-760352
105457
-578940
-504391
-251110
747506
727662
-443961
-53615
-844409
-85726
227491
374471
-132087
-763694
623569
599934
354055
-417634
790477
-249159
-585262
-658948
395178
650919
-741411
959433
-451036
-917736
60387
627928
33853
-93651
294509
-646777
463109
-481153
-398967
985703
97252
-844259
-494915
766793
-356782
381986
454813
-183677
-652623
-266620
428245
-855395
847809
-570912
-925539
444310
54464
-222121
769283
-482847
232430
-139080
794112
-457749
328065
588568
819523
541077
-235417
611359
-382800
-937393
-254742
-485604
685780
682044
-769551
-628851
229183
-492970
-462208
722237
-163215
-31028
-261381
-58767
503148
934981
609314
-338870
-688019
49031
573607
428129
114842
447632
-461679
843570
-336539
-129000
180741
167556
483589
-695761
851284
615187
884571
-572043
414943
369301
615941
-564628
598625
-93649
519759
502663
741973
988457
-902486
796310
-465794
655167
-857001
-194187
640123
-333517
637090
-919494
-247166
-324107
710490
-653793
326910
89613
537268
556318
-909680
547374
608278
-526394
963653
622970
683512
715106
-805579
-907145
783924
-686894
914064
719797
-984056
-838987
878394
-588367
743937
798583
-645795
-685560
760447
-15565
-821894
-504931
405691
561471
-509970
-985695
462639
363205
-636455
854770
-870105
-368736
576571
-737478
-25007
-334665
-674756
584829
745526
665693
755113
149645
-749174
-102545
28265
-983551
932867
-541760
449099
152593
657787
-333645
-216821
-534041
213630
-460491
-634947
-876228
-786024
700093
-199923
-592129
-436736
526586
775538
870686
982177
-212367
-540536
718736
751119
685147
-867037
882719
507156
62629
-158988
349207
71624
713988
161286
91173
350684
-173680
-658037
-456021
-700844
739030
-837283
-245597
-308304
635736
-196741
770076
492888
-912891
79861
-969460
-133625
642910
-837839
564794
-435264
-707384
484085
478713
-457567
-98167
324027
-604971
124164
339660
-258816
-139680
-257942
-594368
452069
-589495
-605668
-753800
-707702
64844
-5089
-974833
-732691
-824340
-598850
-537357
533641
466429
-296771
801211
825335
795479
-261634
708483
-695213
274060
-203484
-402993
-77497
-361956
-91783
27425
-177080
-674254
967070
846991
89931
-837286
-749895
787361
159857
-609773
-142553
643190
227491
-494056
-389251
-29298
-966372
-267347
598485
319836
708652
58044
553255
-290538
398359
-271670
-233673
-497223
-171260
677267
-613126
779038
-783824
-681441
546061
705735
232385
-745070
696335
470531
-976927
-552380
-729469
-316628
-775450
998205
-635058
-395030
866434
-881797
-232287
135922
-948046
587858
-603754
-669237
229505
552724
-510216
-431215
577896
-612380
-626992
-811426
974586
-696325
-333844
-529579
448369
-313154
-564465
583780
-273980
-854943
-420476
-346229
-289029
-277361
-830431
268699
266319
-64944
888215
-360134
-621940
-986331
274983
398971
-236985
27154
-315897
-429776
-444040
-995560
-569680
675085
-682826
269916
-314993
526308
-175111
669787
738333
-54199
470333
653642
-196119
-792596
503040
640902
891045
-297668
-679049
648971
442131
-913726
-125898
-310503
-375577
-693214
-522695
990091
-656667
964531
-424499
12398
178799
-6901
-558346
686864
907193
220996
68571
187496
-206077
-584934
-574012
-10215
722074
238739
36827
366923
608756
-688616
170417
-632993
515523
138447
-512033
714360
-672371
-182444
98689
-30930
232360
-871442
-63745
396067
380234
445718
732062
307604
55346
969546
-737034
816505
-526389
-383512
-107204
854315
-124866
413012
120175
-527289
-982190
755537
6739
-557700
419546
257218
-872260
506053
844340
-885120
-924711
-76582
-891267
877609
386994
-687637
763166
179667
-310331
-776775
-108491
-382905
624364
783935
-654749
43569
-944827
434610
-741082
-5999
-358880
-775654
381403
17953
163861
-768829
-646384
-927025
-73409
-830978
384177
209637
-158187
746834
950212
772627
640031
763330
460442
-494770
-182888
-794965
-870904
-879036
836069
918954
329649
369681
722511
482823
-717655
313967
-383158
701952
181287
975183
990785
140961
-118486
-504986
933700
-706517
168054
-698582
-85829
313898
-608848
-142441
541634
-729509
-396048
-937511
881649
-72176
-859362
506109
737130
920479
-882517
-416489
-702233
-995426
316577
-529521
285660
621236
-906462
-70760
579881
112888
788
936761
754500
662771
298045
826072
-292622
905160
930238
561818
-283869
454395
125060
-761362
-724839
747250
-962688
400554
-140513
-300900
255233
-435706
-909132
518734
370703
-996366
-537977
505202
-658528
172603
142535
372776
-214021
-626730
-959188
-909856
-437835
-776336
398501
-953924
652651
242317
-314132
662305
263914
-900028
904008
308424
-828917
698240
-676816
-454200
-516388
-107239
-542432
260719
-419501
113629
-528438
-870511
877525
-399496
-403703
868427
887182
-53472
-246984
-569230
-17293
418282
924206
-188995
381527
415683
361004
-327433
100200
242831
558174
826633
-948025
918396
-854090
260482
-227579
-964469
869256
-330519
866941
472452
422975
-113187
628118
-927261
-922842
-657777
-913741
164170
168063
809678
630965
-149983
-488898
716356
-101797
65706
-685799
330501
300705
307896
931912
337787
-496255
139242
-607181
-674566
-266739
979294
386402
-992700
273667
486275
955534
-392031
140790
614685
811686
778726
636837
150582
-16168
32588
519026
794527
-247490
893757
292463
298034
-730594
-630141
425773
-334627
-930247
-92072
-410900
803241
357014
437806
-130464
37801
-646616
643463
773650
-891387
849980
535875
-673088
755318
797711
-93469
369315
605814
553915
-401346
723512
-867761
-946613
115999
182103
-593947
-180975
560568
378038
-589070
-218370
378699
131919
494835
-720945
-404730
-954473
-466030
21927
309092
856444
-514686
790779
-731123
254738
98038
-433438
-485740
-730973
497948
710709
-913175
160079
-687810
663558
-559318
-122832
743181
-390617
-500138
734879
386368
-574544
768324
-835564
897892
-704346
-746174
-828442
623972
821504
-227306
249510
-530368
-443906
-149660
-786305
869181
-140781
-129401
711131
-958460
-658397
839213
-412299
-60466
647020
-371354
-314676
-177387
778817
-43806
747722
-197374
-608032
-234666
177197
-207314
502786
666401
-268371
-50303
992451
-119662
-491912
628275
848304
884188
-77337
-115431
-950304
129440
56361
972478
-579792
722542
975070
201316
-219276
188608
-979868
30425
-423577
939140
-346305
-558738
-317806
-319227
367784
-53327
-287649
-31772
14390
-970225
385978
917494
708309
-956077
-988107
195479
997325
715947
-979021
185705
914605
-564704
-952302
-995876
-839345
835810
567651
560473
-384783
-525370
-760646
-698925
-888558
346870
-279338
666065
985445
849774
613638
-202208
431414
921139
-32701
-440299
-246595
-558277
-874386
523290
-519789
-590230
-97290
-972417
707512
932957
-715008
589666
777179
112210
-521163
449770
-319237
-519728
752122
898081
638688
-911451
873268
143136
-68346
-987752
632815
761126
75733
398085
-91469
32703
-600922
101460
659958
756785
-872216
418130
701550
-995173
292922
-806252
-106497
-52807
-56579
996843
-643181
301919
213999
776975
-162905
-533713
271317
486938
-449950
-112681
50800
335783
-479305
41476
-137360
-972221
256361
256196
301649
44260
-967843
-744813
459682
434085
-30260
683294
-911809
808362
-352028
-260932
440122
-141079
362867
477179
65016
486363
-571049
-414595
361829
437118
794017
666097
661840
-52771
428154
323511
-751683
-204116
840303
-418785
258876
641564
387383
63338
-541900
-99778
-476756
245696
-688895
174808
-257330
-477620
-207232
-241056
115705
500283
849055
823297
688101
-307998
877826
-358231
-330809
310788
-260624
137276
-891196
-145034
-780404
-932673
704810
668365
-728731
453132
146785
810541
528331
70769
830376
-230678
-173131
-376334
851247
644350
-205969
-529515
-68678
108011
-704513
-520996
635293
-210779
-579422
-505894
-382918
-986178
-832938
-219289
-363767
87558
367376
266139
81457
-176286
157818
-94302
633532
-145861
367102
872286
-427841
-672851
739141
695307
398472
103200
-94040
-791874
-917662
-670002
-773975
-285041
957406
570093
-828798
85676
-527005
-206060
-789897
-877540
656878
672124
949928
625835
981753
552088
755837
495585
-924220
-442029
795551
-374506
896018
-658228
721769
463273
-166908
735961
-820091
-357760
-119610
-736705
-978023
-392301
-600570
-403168
285667
584935
14133
-128741
-342066
191179
-648941
608294
339196
308147
213071
-402980
-426393
-445032
-75905
465296
-266733
-806645
-724507
842734
393790
137615
925313
-939288
-741807
-184235
-854887
-891460
-630954
743692
836661
-333898
-546174
-90254
519795
-343515
-377555
23110
45339
-217012
-102119
-908073
-25592
-64313
-838652
555173
239869
417125
878623
-745966
495667
-115497
-193332
59548
-498101
-499657
399009
-423609
-827799
953219
-905868
118565
349914
-677875
58546
631439
-747833
997305
600881
-490571
-554884
263690
916508
517150
990417
-341595
56766
-370751
63401
-842531
202661
-79543
83123
-907373
-301590
302629
671419
-392567
-49387
-101915
687538
747747
-181687
457084
-326894
-460829
433388
432356
-535853
2033
-569774
58964
696666
226230
36670
-471348
257373
231743
836880
757599
-297103
415577
-334254
268429
-184042
272713
-265295
910791
931897
-452966
-613790
-996858
383408
19303
-270768
815554
-398356
274316
-937936
-663755
783724
-85503
-348191
798198
106708
-649503
-776971
58380
-249914
371403
648223
-134610
498047
772324
-563781
-643289
-745633
-866036
-843027
-742387
4249
87155
873349
-949729
-80292
-431989
-999927
-420495
290682
612088
412809
33995
79123
-23954
131990
171216
147107
121277
239095
-687845
-623534
559204
-363850
-879658
-623749
-269164
-239108
-576741
-345569
709097
745328
-21314
89687
578071
-150237
-308215
-718563
-466806
-349297
845991
396343
439317
-20427
-513164
850794
36034
-526158
754228
753930
308815
17343
-436438
696475
-184131
169806
-963860
82508
324288
-956947
515684
592462
867377
-524235
730172
836407
-762541
-585052
845074
-485691
887460
34872
-18552
-326631
-927985
-850719
441656
-44783
-725389
461938
-115029
183881
-851792
512996
839735
871784
-554208
-28425
638480
751926
-276118
-145171
-400053
-591579
679354
-45698
-899906
-402890
814066
312631
-774401
-325763
654032
-430572
570194
-204808
-774996
-294885
-33687
-487264
284725
-632319
-705063
630367
203461
-931263
-940041
538165
418299
-970339
-58493
283557
72371
-768561
135449
204105
-566152
453352
-424906
276299
-571527
827237
929222
-843202
678302
337957
-817396
111035
-849405
-422175
-637306
433245
-690560
-542561
-765727
189990
-474486
-450047
550164
-406222
715963
872021
891205
-31991
-29005
329605
248279
-427956
474112
74912
-403855
620416
-790244
169334
802640
236286
-548549
-838121
732066
-555779
-782715
17562
-23628
547620
295104
-124038
-127202
-898300
-237500
-807563
15504
-46237
-267088
627995
981503
548587
-538520
-391180
-759857
665284
697949
-373790
-792428
142446
-833333
143974
-993652
947827
360479
816489
647616
570439
632844
-307180
-311894
-397647
-117968
-428759
251860
814620
-129928
-463575
-608220
-963861
-986645
-927808
-951030
-580058
326179
-429539
800548
-181305
53794
190873
314129
434960
399764
702443
25617
322720
-515372
-647780
498215
-165323
-85626
169944
-157733
-808495
-515622
575372
-221438
879503
-239313
468331
188228
795358
145277
-898724
587706
785559
21384
-924986
-81969
467501
-312620
717851
-71681
783723
110684
64457
-256306
921352
365612
55465
747241
-211467
-97940
142134
198801
-933327
636630
-303735
371432
-2583
-71352
938172
662594
678817
-200954
481274
-73563
210543
-141516
83497
-311104
-656482
-533766
-988329
639179
-544403
701613
-652750
-148891
719432
-42465
589836
-963192
152503
572671
-574775
708667
-826677
-372746
-576282
-139137
102505
-349391
380459
-293274
-742958
524415
-510463
910187
-994187
162369
-401717
268364
27991
-31449
-819352
819563
350665
-663117
-236208
-810803
-746300
854688
-419294
122084
-19469
235462
812497
454704
-374257
339809
323575
-192838
592273
498655
330891
-650250
600127
663014
215749
388359
-312845
81921
893380
-17338
-828311
-410496
-546654
165753
230206
-184820
-715890
170601
386293
587966
-648463
-254045
460654
-215696
467347
916123
914423
714277
-758225
-22995
-315586
-454335
-543150
482498
-272889
559389
739339
217272
-128431
745284
-943078
671946
675394
804654
-512513
-189619
561414
130909
-216001
-549090
-850295
864784
-577816
918016
-652993
-882048
485272
595516
-101155
279603
-697674
76582
-125551
693941
293757
595026
734242
-582919
-260627
843646
44719
-972137
164062
-870239
504065
-604049
819860
-865477
-430661
697353
165757
889615
681746
-975224
613542
584675
449188
726134
-997131
-779340
604154
221129
-615992
879466
-201827
-537881
-25165
-854753
-769477
494506
343095
805468
-791396
788845
558634
955109
-591431
-73208
-443760
-651683
-749361
-391084
240907
923403
-484862
-410751
759952
140634
-726584
144110
-712980
-7858
-252456
866974
-213988
-971692
-757073
-316806
-639504
-727134
389921
-629109
837495
-559897
-134918
863709
-576540
-43288
-38588
-598826
641448
-244471
388187
-477814
400816
-521180
273308
-672048
249781
-545027
-678500
-45745
100663
362659
-880898
-539005
283735
907402
-614712
243562
-726880
535077
113525
64423
892436
821661
79047
-716038
-148839
-863444
-647131
-241321
456384
-217114
938790
-61162
377403
614473
-101619
811642
-620512
973753
-626758
551913
721934
979347
792039
-437662
793236
-383682
27844
-875573
979690
665215
-772657
-629594
-941699
123538
721762
273440
-701952
762038
-763378
-250796
-568501
636338
-551761
99774
-591818
-728376
884606
-96266
-903782
-313761
521674
764044
-133436
-249466
-171530
-144161
845452
729942
375544
-978445
696365
-177694
869765
-961808
-688411
-167562
-466888
-532171
21473
-453025
271105
-927454
371859
-19470
613438
971350
857063
416777
-309637
-984912
9396
316929
-67366
466635
-986083
-780786
-726169
-564725
-131240
2284
-995099
577912
-208534
805796
-211531
162302
608208
-959454
-402998
-763236
207267
72262
-610984
-332283
608857
-140705
-896076
-689388
-649571
535013
-868289
-320079
954030
-479971
-732163
320395
-121855
-298125
-271993
-91737
-385121
-882040
618736
-318371
-657212
659011
688702
-904282
-682261
-875458
-227458
-198297
-624072
743262
-377519
-123884
629276
-313358
227655
500036
72106
530280
656252
-226240
-136267
-226378
-942757
-167828
807910
965390
615594
-884421
486639
864343
-895819
-143671
-513127
135380
540128
219608
880196
984393
-339587
685038
-790630
-464433
980524
128242
794438
-560807
558567
514075
932529
460305
-826147
-87635
406591
591248
-424156
893888
315957
516179
-880096
600199
-360791
496246
624696
383468
134055
165171
-586166
685748
986770
315626
-715789
402925
657756
64523
-945562
-907504
-397056
-862304
-996828
-271242
386957
-915338
657172
686921
454976
951343
556850
-195482
913423
797296
267466
-890894
-428894
192315
-861292
505573
-165198
735430
-617073
-105233
-476078
-579415
261922
-4132
-459818
-117082
837347
-418852
620805
514985
958761
-817245
-987245
141175
959316
-121089
-123319
-396952
-254670
530458
687281
-846638
192498
691847
-289254
-187572
105896
-724878
-366091
649775
980735
453388
849956
616574
-157793
841242
80099
-630651
-86624
-162431
-15412
-161310
684334
-175484
-82074
312532
-641386
431230
611126
407687
-194965
-722873
620127
-507784
106791
-487175
-82015
480947
-736367
66479
-497810
519197
619387
635939
816470
-636159
-357154
-131769
756789
-222366
-313045
-236058
815920
-627561
908380
591607
151081
-950057
-150039
121019
200303
707456
46488
561518
-162972
-318173
854297
-438931
-312967
-498398
898418
289797
-369734
54455
462775
390375
320421
-826294
744138
-961916
656216
-929216
677130
-32956
945503
-267257
-261759
-966868
193668
124229
-495975
230289
173318
-663153
372008
-783668
418608
813016
383967
-674735
656691
751841
-483107
644782
961688
-362781
-206101
903805
950220
543102
303989
64658
731465
-277287
-486367
13599
-69671
-226804
-273796
-91282
413900
-909017
-138705
-195237
-538913
126461
916653
-932278
-781187
885538
805225
-882221
-258635
855169
201750
344776
-917944
-427441
-995693
976860
438752
940941
164063
171296
-52784
507276
910597
264848
657907
305724
-222511
-944568
-908725
588975
35793
946553
-391848
-809805
-484535
94967
861478
36346
895896
366054
-740368
518326
-875289
-647005
713550
136966
796986
-795780
28997
524947
812617
767140
-437002
-117841
186149
331179
595275
561889
-677358
-952402
859455
732821
-511260
715642
906510
-704184
-153402
416068
636968
-90319
-880331
984556
-55737
-905598
281185
255465
-879785
-981396
786485
-743440
865410
814989
908445
947785
-858683
694363
-174064
738496
-417742
799859
-940095
-245710
494601
851578
458677
-89100
-996020
889669
-72453
653127
216833
299215
687809
-659660
-339581
8979
-662619
668342
-67460
33564
-672452
-460721
576496
496684
428050
95500
5461
-788937
-218798
-573751
-357079
379799
-883112
-896744
914392
197718
-625581
795866
802522
-456705
797535
-846250
-733266
-352077
383904
552152
419828
-162054
-361047
504827
888757
-699606
931992
-979370
576848
445127
-637440
422273
261059
-255227
-519273
674551
332274
-35122
524840
127832
441575
-352678
448062
187993
-831644
-957962
-602681
-299352
932281
489128
-370287
-528069
-665504
-26554
303482
526417
733741
301555
17955
533230
743287
-795643
81993
507441
-241768
533585
-891865
767433
-685500
936734
189459
204906
-724435
819636
830679
-845462
-68401
-104951
-366202
-268513
946302
-358855
145724
-156393
489050
-244337
996108
-365872
592300
242755
-343679
-490656
115054
802825
-750963
843704
-87355
800913
385572
-573838
-420250
-557937
854709
994394
-77013
536546
374358
258286
-134530
90715
240942
-905365
894423
-569007
796949
-751960
-155640
-195120
853221
-788870
-799622
325660
-611368
501328
53000
-525689
792932
651101
-189708
148190
-807774
110821
672943
508373
39116
902614
819742
974142
477269
428408
-851184
-931448
902780
-913954
-879692
-752857
354597
302860
323436
917834
-217359
215957
404850
92810
-971501
-211779
579115
271435
408411
57084
6735
181125
-687556
592906
434446
-134384
368176
267074
-603183
-808859
-866189
-685870
477650
990024
-656923
-188602
818868
396914
-341104
-779530
333817
448431
777167
280301
-626340
741221
506319
-192512
158523
-733549
211141
-960864
501959
-331380
504906
560062
-759062
-625071
-192504
-305814
313817
839799
-501137
366169
-693210
-429353
-182780
142073
-179243
278182
196035
-448290
434113
-207872
760221
655242
292675
-41360
491853
456389
-555553
919625
206509
626309
-338268
814757
-476583
-278494
-380376
-175823
-605877
345990
-148874
675787
90926
105448
488194
698285
393451
-22908
-663725
941927
556319
265171
-807398
100256
-781683
-213444
-933667
46188
-48785
-848053
-169805
175108
924681
688064
109333
-420193
-625987
384387
-672251
128223
69027
-605743
344677
247878
-754330
524535
-184539
68824
428604
-795677
-313486
-567876
-783370
-686244
371529
724755
-172028
203265
413085
-838601
-389262
-485149
-784
646876
-313050
534395
132394
-636671
955608
76597
-440064
-969187
667484
-874961
908580
91103
605763
-823702
15612
634030
-368463
-549284
722618
108296
436877
654101
-410216
-413874
123843
-499080
892206
501162
203019
642101
260992
-128372
-850541
-549122
-608562
-277604
75755
-320337
505641
761998
557368
96287
-600614
441567
-116638
-752571
92296
304290
54540
584875
615181
-70435
289689
-730162
-332142
-703574
471300
-562809
540542
213456
231153
-216746
945748
279353
-136254
-786580
-650275
-345313
-133295
730786
-592985
403566
679654
526850
491399
-60363
634718
-963159
-931195
-451030
593737
495889
-440844
-406471
324355
972569
386531
896088
-894323
-585944
-687931
-691561
77703
-690913
605994
845256
192424
318215
-939592
-486680
99460
191767
-56817
634674
185048
-363932
-643381
-588932
414002
-931127
-460275
716634
-42646
229894
980477
895191
-164677
465165
947998
899529
490390
-624173
-108943
598385
537988
495014
759960
567620
162053
929637
380514
237912
757432
-991526
-226499
249235
482224
-75471
617243
-957567
-91492
-62321
137972
725404
-466744
-438472
-795453
851104
-815601
862325
744184
-397281
836685
-32094
-876423
-975017
794339
-678398
745417
124124
756212
-920447
13632
-674375
594589
-115942
-677703
-239598
957434
-386185
361456
620108
-802181
-53040
-271034
306648
-255306
758550
-282493
639480
-336761
719149
-863045
623998
673120
844657
-404547
40127
-892197
66551
278886
92446
768693
591009
-695912
-378329
451938
887097
944256
772673
961698
-900827
134244
-576053
-336396
664295
415205
-56355
869645
880056
832108
748211
188277
-958953
-605427
374158
40367
766134
-480567
496167
560227
125747
-143399
-257733
-881757
758444
171871
435337
356189
-878430
-26034
732415
-188357
-674439
338261
-847382
521138
-815935
-954364
469186
264773
-620943
-325506
-325341
-435093
-863375
234288
909362
211072
-270054
-405810
-359239
299086
-24732
454243
97798
638568
-360501
-234043
911139
-323336
159224
-583088
526839
21714
-9800
-34017
-408316
-904925
262
-208964
637440
-237862
568848
-148302
834258
295934
989285
950111
972076
-588998
-695003
222796
-258572
-715781
-105923
-795935
912895
760364
-609668
-611722
998211
-442672
-217375
383162
529332
-77271
-665338
691426
722693
862637
272378
-157211
-293969
-565140
-695637
-725196
-348808
-503790
-408534
463975
-168806
445774
57554
685544
885344
21156
219396
-291065
578740
131479
-410837
-731392
181681
-35531
-490193
-935278
442663
-420833
-23085
-193566
-951215
997147
-611397
34561
-812851
-156111
523657
-80100
640651
417175
183417
171455
-115273
-737893
-90235
-638224
-349153
534844
-757432
-76974
754112
-666663
-788824
-793934
-176602
-249537
-927669
665819
-916454
-657577
-249887
694722
487712
562633
-376800
449346
-237191
561584
594077
-997675
389547
572462
15192
150811
887932
201447
422193
139971
942340
-251418
104288
-387498
852100
921028
-265365
-585525
342255
-106986
794909
-529155
-880737
221986
-416554
494524
193029
-271539
76068
-936736
595740
-749931
213530
247098
647474
-571278
794628
-984836
-553814
-375556
818803
-640347
969231
-877671
-498494
-281138
-620186
-976903
-140508
-830032
869790
-302788
382995
674995
-344160
340621
-425833
837245
715002
300383
-241635
308128
-839237
-387424
375453
-938690
-493970
-429418
791313
-172665
399928
992993
-102332
-591506
728199
-763501
145924
-715833
-640876
-431448
-395763
801289
329528
-445495
782738
-605608
-600631
624580
-478316
960637
-233036
-53254
-25534
-883832
-322287
884194
692255
112525
-19985
813438
864586
-487754
-382269
599321
-650340
-32466
365406
-350773
-823415
-23026
-413162
-973004
-816099
-76445
-589465
766259
-628871
862142
185351
765194
677596
-126553
-303787
-682241
-425563
-690859
-123502
123420
-433365
469078
591206
824347
-149543
45829
725633
-580039
-292315
-651534
-699837
-793837
-438829
-885853
-460353
-849888
161352
278525
-31935
119846
86720
656072
827586
656716
120586
-645684
269181
-530217
-194425
-465667
-411667
-559113
521285
289620
-358692
681853
-580321
814387
945191
32177
316381
-676597
-732021
445204
359617
593514
437986
280986
556130
-644506
122346
-888196
-879257
-362444
-673762
531401
455599
440997
138963
-893405
-456731
57112
377726
-966199
111963
152166
-966499
-587454
970570
-749829
-857332
128335
-186751
921522
-829199
-835022
-858203
390512
-156026
222142
-659934
-166576
571415
36137
-53443
616149
608887
-351235
-824461
130587
754225
-580199
908784
-964484
509801
-718824
-82640
-122594
495288
347213
850839
-204701
-947689
125197
-554083
-650583
959177
653284
-347191
42573
357288
387971
529218
-910915
549563
-64549
-409731
223972
79978
-941685
-163096
-454018
64859
214849
-253771
897293
646149
-250453
593859
-814707
295521
89337
-104295
712667
433540
786892
-425192
-658231
-87984
872453
-644654
142607
-662198
-621947
-886709
-487276
442037
-595926
591131
-673726
-971082
-960819
645999
-16120
193032
418967
903926
472855
-948466
-378816
893834
-389351
-673659
-523228
-364553
-881818
-349285
-489870
240618
-873351
-139209
-267202
-462821
431839
-403043
479600
-538154
921903
220964
293078
-863464
84615
480735
-741281
-107683
-220343
-884345
826937
949872
478199
232029
-979999
646717
285966
-380846
391702
-36173
-674866
-186344
-478872
-455615
601593
-926678
581580
341820
677917
872337
-197185
581887
-447553
565006
-359393
-652755
-786185
-251625
283744
-3835
-27720
-467749
-66281
-691021
143404
-929583
-752718
-688990
-671204
461142
88261
400793
-688685
-822192
983904
573247
-348982
-675863
628147
474575
644527
-453455
-362515
282879
791327
-169223
-383333
-110196
425711
-358191
706254
-27124
795694
458446
-967265
397945
23389
227909
-681677
-948899
-863851
828959
137605
540673
219940
297646
-634243
746981
-242820
-539636
431675
294802
-854389
119859
985626
-768956
-664094
902962
-265050
-55867
94787
71462
102019
-590329
19259
-343497
-908437
506510
-421306
-901316
-636229
893389
-30126
761178
-418738
601397
-483539
-100373
677143
-408548
205818
153780
-795953
-829697
-421278
818620
-79530
576475
-895766
-70443
-240155
-595922
-852640
675899
811715
-1660
814788
351126
-791606
-500963
-393824
739004
597910
575004
800674
40559
-204527
-957185
-491345
-991798
529207
-173075
7032
828135
-793080
288644
-332215
656152
-195039
51828
370204
323374
597711
931769
801990
269625
-877660
-398759
-279007
542227
-41391
-163757
847161
759878
109409
-768225
608678
-83111
-466752
182568
74176
-564101
-645366
622212
-599763
101287
245535
475803
-850817
914625
24380
-393581
-591079
146410
-67641
57521
413692
-128048
-873439
-174609
-301618
705722
-200975
-789348
984817
-399127
-88085
-977139
727994
71384
-235110
-695676
-927703
385706
-884290
961382
-993409
-360414
512372
-621979
-321008
-183901
-373031
-545676
7263
-296851
-763185
847824
945282
820739
-807119
-621498
13375
-901198
433568
516808
253275
245193
787931
-535751
208635
274812
192053
401584
-914477
26634
-306019
-999923
640335
405122
-420338
-863678
-766491
737807
-110252
-944177
844342
-28366
860409
623838
822054
532338
-22625
-512238
-328360
-530589
381971
-876836
-149053
-150951
-773932
215169
831809
-492087
669791
846044
-248881
-826733
-941691
584644
-146227
789212
215834
652981
691881
-107596
-818780
967592
-682318
157763
8116
958164
817165
834159
-478781
-259982
127557
139339
-916333
586965
-691395
-857559
569895
616002
504861
-793251
-832458
-544906
-147086
149259
722278
222808
-243373
-332515
462603
188806
555381
-794241
462981
-387234
841816
-648789
7255
-196273
-826675
390828
-395740
-410403
-632020
-964800
-628953
398493
426063
138213
234722
-923452
297499
6285
305883
-580290
-946905
386911
638017
-938521
-95669
-47691
-13793
-549790
-407731
-586068
867755
508667
739069
99838
677896
82545
601781
172498
-293223
-204594
-802936
-65884
787907
-491790
567968
-445982
677151
-737493
-322327
-838920
-900995
-311832
-965819
-400783
146960
635897
831022
168937
163338
589316
181049
242868
420326
588807
537061
660067
871973
-552563
-81482
-401033
-460874
931937
236661
-56172
-476401
826865
603358
692118
-65853
249365
25002
742858
406689
507220
797407
813172
651889
305907
-985088
639757
245262
-685362
-497369
991823
969271
-167459
-787288
-615022
630517
-694951
-463829
-955556
422016
90597
96167
372843
29542
-619006
964842
744756
205544
-860659
-265099
176873
-83520
272631
661510
-18763
-814200
914983
118185
218024
-666364
158498
-791764
657536
-182289
166614
-691527
-617662
541356
52155
224662
591979
-670635
-786755
495389
485086
406135
344310
83020
813677
-607465
99865
-269744
103247
-703470
290752
-980644
195558
829831
-365796
420243
-539200
-741515
-348031
161568
-626402
-307712
-658614
-932945
433097
-88091
327726
640862
-75135
-769097
681175
-789601
89984
526624
990530
-25028
78686
-99428
147006
143135
851773
-832177
11332
-337817
-597442
117265
-366457
702955
-75986
-641434
949122
398815
355151
163224
-344187
-548961
48234
-322062
-835400
991136
636076
-369213
-177155
296698
-932603
-633540
-315090
308501
191821
464378
148960
-346561
-965847
405791
853497
812543
-263833
358454
340287
216952
478085
271420
733031
391260
423794
-118880
-605656
-330396
-547704
817
52276
-255441
118278
313881
813057
-165223
644966
-770504
296225
42125
457698
796209
-499274
676046
-127967
365605
198371
529584
285314
100084
-21021
55685
470914
167355
945574
-683400
-265606
-34583
-75744
-665423
-754687
660992
-917851
-90495
-933232
889889
356399
578626
713851
-364336
-550378
16713
-5843
-168136
-903187
-114085
-744074
-163246
-733978
238575
-518027
288297
112066
-163568
-136133
-408460
-834489
112472
-351590
-634167
-850211
-479529
-825156
-45099
759900
813391
-679640
-848118
-440306
-65760
-919538
743099
208294
-262924
4136
999026
-50550
338111
727164
-464852
-720090
586323
-379550
-219121
-712903
621105
973197
995280
-713379
213364
984586
-732157
421782
465822
557808
-703273
-404875
-478576
-781097
113977
-12182
-679333
-155221
159579
927703
-640281
680313
-882791
-95097
19676
-914899
-406840
-898644
-838556
750427
654242
-37825
-2470
-278789
780088
-347114
-247197
-943265
395449
-660251
961923
-366829
622702
-430682
-310364
-658148
469080
406276
-198368
567152
185158
-760071
-684664
-707412
103856
5262
317919
842101
159626
219942
-967291
-339539
-344873
102215
-406486
496245
834054
-650608
137069
-343476
26609
173839
296608
265084
921778
419896
-230168
344124
332805
345700
-805802
734142
155927
837358
-960209
282307
-269544
190644
20814
-587629
63557
858551
672260
-652636
670160
-385794
168030
-81700
232493
-711821
960156
-993524
-14460
-874213
-791376
-222451
-496293
520448
106138
-604787
24055
-129547
-48646
874824
-651954
299681
165798
885584
-117391
702774
73405
-622670
-236404
919193
111373
-53692
488400
-938888
-686978
-318696
-381727
117223
-286812
644541
707435
-650918
143735
422351
-737518
-433047
982876
-273860
313820
-62196
-685152
-700738
-482538
-140465
343471
367763
-99917
294469
395072
-426873
230941
-722819
-435165
796205
-51394
-603889
306300
576415
922574
64675
17695
-688199
-185764
-360253
-229778
960159
248108
-546495
800557
670279
814076
71378
-371968
-813460
-987910
92652
-137244
584712
985007
706040
-572636
274777
190871
379304
333150
783075
-681235
-894523
-133412
828947
-363787
-449532
-342248
303495
-178656
-25508
-334046
721093
190816
199280
-380062
-870533
-612758
825937
871659
-418311
528145
-302237
-930936
821223
-105073
-347536
-760363
-695289
-400462
-887420
-356820
-403046
-625183
-506868
890215
355287
318253
-43243
199173
589694
-87606

