-280334
87153
106413
172911
-951138
-647703
929075
-316028
724489
805552
47009
-892685
225828
609497
399349
-65220
479839
761093
850014
-522726
-885565
354035
152474
736657
-373134
606764
-722907
734760
68754
550216
-374585
284398
515393
567829
-226528
-774589
-633166
-857563
662396
792728
-284557
613186
-39362
737270
458184
115991
-192868
-884369
373216
-757597
-812064
-240558
-788675
630144
-250254
137616
-67758
-357368
266832
619731
-558060
-294425
806093
-837652
103385
551075
568768
-833902
195192
281731
-287987
240948
344791
-749277
813943
-250120
-365057
-781774
938930
434492
-410304
141391
-453529
890135
-99170
53681
919519
-253883
-398501
562991
-121695
653080
352019
900118
324698
-256514
691290
853720
360338
864881
-379130
-720798
-858650
305696
-882529
723072
-423619
296289
-590758
-478347
-48212
193372
-453213
295063
387449
614238
59367
-166793
-45274
-242632
-315242
783102
-983862
437742
303376
-112300
-358471
-994679
-786120
339429
-195592
-868344
-748481
-611778
-288047
-57031
-233767
-67104
609534
-295187
996924
883323
-71215
-860159
659742
220530
-30878
802407
-89110
-114174
-393855
815269
199866
-343288
-35977
-265425
-270853
930945
322420
488199
759847
794190
684119
855541
282479
154166
-717325
796268
54540
-168233
150088
394810
-373490
-14611
681703
951119
-692510
271960
134225
531783
-564196
180212
608780
-312459
-415000
775507
904177
494698
152717
-72367
-292313
-482095
-472416
24374
-212758
105129
653293
129501
-218148
-602305
-993883
916710
441719
-417676
947023
-541521
87951
730479
-748494
-662298
129119
294430
-320006
255923
724625
-723224
-457787
-984548
-207355
-557453
463607
722806
990161
245149
456159
155877
-555286
7182
-33373
-724795
-255149
-576449
395029
-603176
905598
527989
574201
-472026
872442
988862
425099
46898
-566053
-787533
-312436
-215564
231851
-523798
662062
362569
-819130
-823076
507379
-774156
183940
-226166
523628
374518
735792
-511772
-416753
527920
441258
727176
627219
726351
-204073
476902
744453
747888
921853
500666
638754
2777
681177
78005
-103298
851186
909614
-393944
688315
-956557
651409
-902905
-516850
-566277
-46803
-207831
371029
225066
933069
432916
-768226
794017
647954
-248829
-232467
245862
978148
852581
-81983
425736
739867
-818407
-358454
365131
960015
-942597
333598
544996
920604
578818
44224
806632
800059
330071
-746488
-456891
-967432
-212432
701936
727010
270499
843468
-83096
102519
-670661
-373770
870604
25651
-213146
-507681
967069
579503
-564567
123383
-990998
-41452
444503
-601749
-319470
-318415
787097
-498179
-889818
-813719
-110744
547940
269366
394591
-996557
304625
468798
-486398
-393767
829293
245159
-685758
-88542
903446
-689961
623277
-773311
-552636
209192
-538821
-912202
860004
412091
895956
867076
-192015
115815
63525
643533
-996331
820242
267515
-632527
120502
-381004
-336718
-633444
-705792
-767766
-634271
575597
241653
-39282
206049
296497
655961
731702
-255663
-654763
776647
-296673
567242
-374881
251808
813555
-388250
-34134
299866
-157193
359623
-640568
725951
569150
-167746
659701
432899
-483857
496777
715549
318434
-162296
707912
-431324
391991
202209
-124789
588405
-681123
539617
862221
399390
133371
297447
-739840
-67726
-392433
-143595
-421092
536375
19485
674882
-537241
-494371
193726
-157775
355217
215888
518270
-947865
856431
385688
485316
60010
342192
402643
491343
-180605
652214
-318978
646290
94718
334382
-353034
-229092
219671
-76461
-96650
642143
-701439
41785
-848528
-942890
-821509
-966901
-171871
-930942
-151938
-474872
664281
887331
-71392
597109
-183283
-328875
-129588
999255
760311
-257460
-858863
-866840
270225
-625230
736305
-482016
-55571
-216590
24525
410463
268905
805497
749501
-160247
146789
210483
-808531
-656481
793196
-958975
-829849
412579
-811938
822740
212809
-516772
290744
-173511
-359491
-198306
-998952
332899
783870
-961013
686219
-408464
-149560
-988505
-301526
-87803
-178035
-323344
151163
-364911
-340274
-280928
389166
-344502
889992
-698035
-906134
849034
-539733
-293440
78912
-259936
952228
643666
-475426
-83845
670942
617613
822334
916230
-901322
237005
-324774
-343433
-810735
197730
557004
-495572
392153
-218582
-517490
-442458
-114747
199414
12178
-463033
-720084
-724261
-52968
-200635
504267
725940
966957
194989
774907
758156
383276
-18642
-954005
954389
-361634
292815
340121
-950822
-215999
126475
-312512
-897116
-366373
105450
-670883
-31369
315529
337024
-535671
-166271
-364605
454596
310183
-14680
-446010
422293
-465144
-756830
-149256
-796426
-574794
734154
164858
-703393
-642637
272814
120631
311966
858084
403838
412241
29134
-918839
-123307
29967
-796152
137607
-552977
-67932
900793
21502
521073
116963
934218
579501
757965
593839
709375
-655596
581946
233231
-205826
648358
248987
149813
-62457
469780
-706339
986092
614768
378757
163937
-313496
484751
-537341
515681
684618
794167
120759
-478848
-212741
116374
287374
440393
-525979
-635718
-795205
-969496
-837031
723436
-761336
-221390
-415799
-912895
-383481
843107
-201270
705446
283692
669172
-208971
534923
-737881
419857
-243804
434674
265584
-589603
-568475
-653372
481957
93290
-456058
-904867
-66383
-130333
-387715
-519778
713566
-372131
-545490
436631
38074
-142612
212478
-775549
-630870
-321811
40465
418584
-113825
415579
-496033
986038
-463934
90343
-182567
-965755
-968154
6624
-774970
156457
-337115
977777
938170
-60438
345949
259866
-676978
805189
293760
-193042
-677061
-195044
-103800
601744
133863
-319993
298866
10810
783708
-543451
-335226
129470
708672
-510185
-465769
932434
593066
726528
-989884
-872927
1170
-617909
-616200
-676671
-400058
-136648
48918
983695
608891
246241
979992
978821
996774
259589
-9807
766631
-738774
-482566
-237834
-261557
-570011
919734
314859
384715
652800
213251
253261
-710261
689540
692579
-408330
-866102
545904
-465284
408172
-973519
320596
-901267
907936
-131783
-712405
74952
-310248
-827165
429795
76194
-835493
-108004
605313
-236464
-778155
-130691
923431
-704052
-475448
268255
488875
-984372
-256885
-240640
-151043
-311087
827316
-762686
-146391
96587
981425
-442067
-843577
-946411
-528208
954933
-678312
599907
-608454
-354244
879518
-752630
493713
7856
360006
463986
-701862
-264794
897727
-470986
265436
-226481
532426
186806
-357168
796656
-493129
632260
-367760
-772384
757835
790952
379003
-542505
-941081
-740793
-181367
535391
-36706
958198
392147
-897126
249376
-772121
-632166
236961
-829337
539786
-447079
-734696
430670
119075
-514042
755608
718381
22569
168244
701123
93877
309544
524017
-760867
-223904
209427
-99630
987632
-182502
-776440
622442
200465
-291938
527375
-911817
-783752
-772103
-465208
-888279
-709779
-835229
241781
106109
91528
-944245
-746120
595258
-322826
-654004
-230183
524215
982199
-380227
280908
146196
-582612
-24666
-311223
-112689
306210
931204
559918
675126
990871
489541
-272732
-937998
-769665
-700273
-837082
403355
-442832
465870
961617
-316064
-549873
-124595
17795
490060
355339
826102
392184
-35752
-500856
-834470
-538171
-650064
120395
958104
-688607
9297
683735
587335
-355526
-759768
-613860
-483251
127951
326794
-744898
-427086
-820997
352215
135541
39703
-413989
-480562
526933
147489
376918
-745482
154054
949856
201885
885122
-330295
606526
851285
-170107
43678
710033
532720
-207368
-646666
-855093
620901
212248
-493704
-495168
480380
184744
43500
698042
215779
707443
-515216
-394537
-810484
756528
-958487
916053
616158
-608949
439024
-357316
419272
32508
-798994
392021
413964
-923487
250007
22303
-76834
-894858
298151
-90960
-71571
-241190
854871
-767188
-522760
110107
862251
44993
-850117
694836
728558
-176319
-602676
677507
175081
565654
32498
859139
387998
-232568
339387
771934
924904
-734961
12916
-877065
438334
-854932
-546172
237761
-325536
7584
-183945
131052
379300
-299843
616349
-91559
465621
-492851
764650
162819
-752443
-718376
346746
391262
-582078
379664
-796289
58040
169218
-646116
-308837
-493316
339210
-133721
789761
679740
-464693
848135
-507369
947506
-617855
-543617
104188
894016
835389
-497286
-906161
852218
-541124
-143662
-714582
729577
-780079
449828
933886
114272
-86942
-810948
-991963
703114
166559
750060
-665296
827258
174103
-301502
224744
-429625
647524
301796
955093
-950043
59786
-810548
840711
-266090
-453127
-521964
604758
-402764
-111256
965201
270143
313470
-544487
-47492
-35912
209896
-82787
-718113
694765
-274998
-618763
-127456
20691
566197
378531
977154
-517589
57169
-904916
-145619
367338
-402235
214625
-234737
-350920
-978498
717454
-479901
-873798
491456
571889
-53874
-376534
-390087
471911
145855
-409737
-260934
-104702
671460
98430
-651068
-10861
960892
700173
354472
-673390
68006
-300855
-194481
33794
822791
163481
-309664
562157
-448172
-504332
954969
-707539
419445
684351
-497538
-981800
-928245
415375
346068
487770
566361
860324
-734205
-254855
326276
-121800
-877573
-426924
874942
759989
-72138
539885
849463
519827
-449095
-216564
566072
-659851
-969276
-443299
914273
123844
-701969
-1199
-742753
413249
251739
-316765
4034
-339955
551848
-32972
-122530
29218
-590490
348469
902355
-249179
-182211
610730
-239484
-447033
-802623
-478497
210109
-221436
-103394
-203286
923895
63266
-478940
-982348
404277
261486
82679
763486
889750
684521
-451225
-931519
286665
495634
199377
772962
678355
884977
546677
-754156
463313
460199
-742039
368803
-486499
-3752
487827
256116
431279
176756
723415
206512
594053
-542710
66943
-947491
620999
168196
205851
-279842
65813
-945335
600399
275698
31439
698009
-991129
553890
-339127
-904371
-20386
356745
-835792
-222985
-784057
-961297
-837049
-189385
-66494
-609428
266970
599009
78642
314655
-847743
-828810
-207436
-470543
1708
36394
879714
-800332
-107194
499920
14626
-931355
229668
-419475
75462
-825194
-264753
534485
769178
-724559
-265093
-471972
648133
469879
30666
849817
35856
903759
564726
552473
-460967
-46256
-777128
-381399
920682
-162219
643316
938831
-675443
298210
-771310
-705166
915121
-461378
245696
-134284
-824619
843160
-304494
868591
851505
-483023
-512242
-880482
-285680
914571
-157336
-299958
-472541
788713
778747
-748276
-177203
615613
886853
-876638
167008
812091
849652
677562
902688
728052
232040
348419
-49465
-235214
-167892
-922039
-519950
470530
-148818
-250624
-848976
632365
792550
452946
599167
-423305
-385736
-232244
-723718
-922845
-640026
329399
-341077
817830
-22856
-584820
-573974
-179207
-132840
859006
-126066
693640
-287715
-691922
-932867
151213
980697
624550
-886004
732651
-437842
771683
-420764
263295
-651275
871790
336149
-450656
-217005
649431
-128969
-774136
-299181
-636960
565991
-22004
-766399
608603
-514472
-25159
-153132
-116438
646554
911786
702907
-291971
481278
336147
-5863
-48421
-392267
-743949
-442658
-687071
511524
-515445
789925
896380
-578089
362804
464782
-732125
-698365
-775338
-497084
80057
492309
784412
24161
-107965
-209166
342173
-386345
-845136
999376
-748859
553579
424358
-681153
860038
-195848
104071
-424820
-684620
-897256
-182385
-467112
962111
820604
148374
-429699
795342
-607405
-124675
-207240
-83376
-125456
874014
-296580
-521108
803072
146756
305493
-400859
-645058
-986958
-62048
-259820
-124039
914998
-406764
826999
-923137
-309898
662088
430157
-149858
771636
-568521
77785
-3333
-602558
985144
-911098
541212
877494
-176769
-374842
-351552
-225186
-317121
422676
-203311
987597
421085
666490
277444
583576
-898669
914114
861767
-213253
-307350
-335177
-832380
-758304
495007
270310
-660039
-190576
664291
506657
-312284
-48954
-349193
-253249
-35120
-213935
-440158
971479
-819825
-975087
-349233
-886227
535362
772492
-566822
-270640
-847297
448612
668725
585002
-949222
895199
667199
816513
-212035
-481656
367911
581299
240055
-414107
-543387
364354
679958
-626952
-665794
-929968
-270495
279909
287017
-571371
825798
-294951
8334
-839886
929967
41363
14388
-984319
-869467
-381246
664558
895558
-730642
-939096
643444
-819020
-968163
-574700
548340
-100658
127971
-121874
161899
-857599
46219
131833
-592590
694716
-722226
-416980
-947686
959416
-615285
-769614
335103
-775105
364353
-358267
366496
623711
352982
410167
-429319
120792
-410612
276714
74750
445220
-141642
-24853
-530351
180761
161341
-91031
-599848
496571
-648507
602191
891511
-373198
247394
831809
412695
915225
-971127
-34994
-971601
727759
-588626
264494
125752
-557399
-290304
812231
535526
651565
-676971
-93673
-557005
758520
-658648
-296860
48087
-936898
620089
-294277
242612
-793268
-863132
958731
878087
-107751
-890181
169984
270415
730694
-93084
-989904
28273
-501809
826288
-557558
-798209
-544263
-741656
458350
800338
-527791
-479075
-200341
-969078
226252
-482238
-716264
427105
-173258
247442
-693449
-465493
-426195
-567902
599026
-127173
-212389
622254
639655
552394
593573
-832662
859397
-688160
-616844
882517
762515
-239475
-259481
269115
745204
702671
-269005
-886147
-609189
-481920
-678821
237866
-755797
-779875
638791
-579806
39272
-836743
344921
-417049
415376
198901
361085
-656998
490641
748757
-221688
-256845
-310757
-93238
-68231
972838
228381
-760448
-684983
224513
-627372
-407992
-158412
795948
-564462
-796008
-501319
481854
-830065
-515244
-889856
677141
-714930
-773713
-66305
722574
686429
14409
-334651
531690
-12807
-734427
-605489
455505
523079
876375
632012
-376775
491120
962425
628797
778057
-118394
-500034
-400364
-875532
448713
-883175
-633456
693623
-3502
-514073
-826467
534654
322452
181787
-947290
-870877
-556171
-584251
331923
-173156
-358684
817493
83643
-157435
622355
-221508
707021
592415
-524900
943771
974724
-384787
864384
-768582
890341
-271438
-841571
273894
-475394
729177
-228431
727945
252144
193591
-418829
-80266
-3692
742252
562721
189069
136900
181567
467735
423230
264248
-237806
-371031
-224074
56382
-179135
810469
993865
149679
-741772
470149
660858
-37305
-5685
-158523
-400385
113562
-291073
-193050
794016
465014
-485527
967948
-993391
-977769
-878047
947490
240734
666862
-868311
287961
717353
-833603
-835751
-856427
-589307
-6627
467431
426235
-696234
-250083
-562756
-337935
-818375
-573757
-954292
158802
-367143
656448
119799
-517180
-369047
-922857
866404
10879
925783
-645483
-747915
-762828
751555
398883
430749
-615768
-590653
-249578
748185
129444
-637255
-820085
66538
465192
-337017
297317
738083
-155344
-114283
754885
116067
12073
-22342
317311
-861118
-821567
71657
175715
714764
331306
737936
690447
224766
799792
-140974
-965422
644496
-997231
417020
368927
-543183
-569753
-892742
915779
111534
-794044
-562843
940577
665712
-78638
-49177
720775
515118
369556
554941
969076
-938630
378276
-954480
-656531
362753
375060
-662720
-687304
-11508
-950442
863588
-505029
795369
-713805
-57346
-743811
148242
-803357
-546207
-887578
-83939
911250
-281855
139612
-742768
241010
249734
-433115
259183
711892
-902990
-363440
731762
842348
-690366
617496
-146003
-858680
422273
109778
726732
954413
-24241
-676254
-212801
897530
593185
233462
-365350
607837
-432142
-921766
435556
-354986
-691341
-491194
-507824
-86435
-517337
-334801
-478954
-264602
-860843
950076
139351
91976
-966181
329723
680002
923899
940112
-287880
758855
681674
889583
-877942
-246322
291008
-951752
-425680
-563220
605895
203767
183491
-457289
336650
-147344
-374595
-164853
-809219
281007
926692
-712950
272174
-368186
431561
413732
161561
-102175
967988
697616
208378
658505
-528512
-918541
460193
202319
-829095
-720977
-369742
228401
877903
-517593
119793
719841
-576944
-691468
-305183
-979113
-215966
-53134
-666567
860761
232466
339167
897868
-448177
915011
-257610
-275854
882993
-280564
-945114
578250
-316449
-699826
-188820
648194
789562
-894398
891209
320228
459906
673932
957545
-291334
-176611
555179
341031
667845
103621
-127744
569228
-955079
42798
-648058
-194563
-571461
363646
-723860
-552309
-795611
-653675
-163441
477909
614494
-540661
-669486
142924
63499
-156453
-182657
429214
-384128
862269
-699339
-732842
100032
309652
943365
-549303
715088
335062
683739
163002
-215339
319200
-94387
84402
827961
473494
466239
971106
201861
375800
453120
-679702
156342
-821401
92326
-905785
995924
434748
846296
796525
900523
-920633
-845425
28552
-384267
844759
-68917
210493
-33485
-258499
-334854
-551439
-615490
726641
189519
-759991
707461
873874
-408799
76806
-263221
82103
-435596
338581
-666048
-426946
-76974
-253792
455883
761147
651520
-655567
462385
191800
131269
446832
-547692
-155158
-40168
422952
-825345
487599
-333427
-652165
632626
988403
-595564
-445525
856310
30010
-67633
-20899
-718139
-68499
-741307
10313
-283412
858330
537427
-441398
133893
541147
-201906
102618
-641921
-825880
171719
-235983
405429
-112279
622194
-198761
236627
-150167
17508
-793561
-590346
-672484
296618
-852636
-678977
-903047
-985784
-569478
-182446
-113103
-528422
-300716
70559
185633
232766
-250667
-671419
-777403
-527711
858610
823613
-81367
257260
120633
-619260
289246
-114881
-680300
-42672
-505539
-344684
211968
-521521
392675
-781766
453518
233026
738814
194248
496914
-551891
-875224
-608193
512589
69349
617606
314679
213224
541250
-245658
-94213
-590865
528491
-355080
779252
637221
225598
-331025
-836972
-460676
791904
-370571
680766
-281479
503475
667708
-848162
525636
-248517
870987
769548
865424
-781893
-266467
723048
-670675
468488
453221
780500
-50884
-301503
-723894
453810
-500899
-66065
-119140
-146901
839336
480307
-521998
79150
496380
530901
-111213
-373735
-573496
567226
700411
229900
661365
-7994
-12157
-464671
271641
-779188
-214331
-76718
-471620
485656
516250
-489278
645595
945278
322076
332757
854817
-808901
337011
-909943
-8837
-783537
134960
904617
588326
63140
-534423
-757190
-710586
570264
-31148
-589269
822861
-319415
53998
129728
-903794
-497788
-295199
845981
-895158
-449655
-375036
-106795
691149
773685
-131192
-686736
423830
700985
242750
-274133
-675322
103056
-776699
531268
-821231
557860
-915092
-816664
756250
-532084
-102851
350150
548260
170851
213829
-952624
-299840
544427
-183372
-986570
713262
672559
176954
-751714
-248878
-633836
-11147
359123
-766950
56543
-534288
291123
279140
-43359
-216946
804820
-433505
160116
-230139
492777
868335
882817
151990
886005
-969059
-811986
833065
-635933
497251
765724
-327612
-795396
-403002
-129467
974279
-180279
133733
765930
849508
855260
976913
-589532
-201683
-80477
-646061
-330266
-414487
532750
-364347
-678581
679737
-892275
-842053
-806494
447454
65813
-36590
203333
461972
-262787
-243873
928932
-641377
101930
-483689
-654413
-773758
259019
508683
-34836
-224264
257614
150990
337837
747128
-882096
720999
676554
-287958
921594
440648
-858732
827812
-106044
-242706
-298351
-761006
169540
270111
-939094
13992
-644231
311189
645948
-459826
101110
278675
847931
-306193
195993
802761
-209021
213659
-832744
-408604
707365
-952334
-599085
-158359
-99315
221629
-455586
261513
529883
-884292
-310654
-741217
425920
907754
605277
528400
975184
606903
769978
-404661
-515959
-35737
-670540
-333415
875870
604375
584284
352992
-805702
-743128
-867537
469608
543531
777281
500431
844957
170136
118014
361024
778034
55089
109912
-232077
-496403
977207
827847
173889
-280470
-973256
837358
-840769
-85967
-434219
497585
-903572
988689
-801905
218304
465530
-801907
-663432
-260704
557070
-160796
-904952
275247
-151897
-950156
397049
-227617
-755931
136132
-576357
849572
-325805
-481891
849322
-938685
876013
-490851
143413
-217650
-542054
-46340
739620
788710
838984
410910
52630
375432
-411566
-736220
-825362
224403
-153101
14818
-602381
-164840
484102
-456731
599038
458414
697546
293517
391428
757940
-862325
-562886
-584329
-23460
-262172
-777447
922950
583909
-22795
-264814
-418728
-253912
729117
899270
880803
162252
221034
-967339
-832981
909240
-277261
501706
-270286
-710270
684819
699234
283971
-851098
-395054
489686
869967
594391
-18418
577158
-561882
516980
-345858
-537797
-912788
273081
-154609
-178349
-644045
-148458
310424
618085
-562235
881097
931661
83717
-635270
301559
-391592
426924
258992
951625
644900
-891023
-558257
949239
-519606
-164105
-103433
159280
647477
-765941
-388469
-221789
576022
-981827
422844
-529583
-462707
-859931
49597
-215426
645630
831414
-580021
931267
750526
-584148
-678931
767742
-822537
-528355
-943775
-961557
-375609
-666422
-450984
873947
-252122
833442
678384
118050
-138116
-733517
-812901
83064
-915631
982204
-204466
82663
-787968
-785556
-948848
-323055
-55980
895818
820499
944428
493871
-360302
-251153
102318
-601968
-818328
271881
786660
453340
-438543
-784786
-411265
152780
566153
34836
781295
160137
502357
613252
799441
-628931
-546979
-94870
-348472
-146663
-997807
-897768
-873397
-182791
897588
622407
-263922
-548170
-462575
506980
727814
502295
-769922
-659673
-350468
910776
-78092
-108264
694629
626120
-418841
-319736
-424988
-743794
944736
515326
42627
-651489
152783
13095
-700192
-3898
-829681
-757409
490415
-210173
-578150
-991317
286466
327299
629609
-474007
286985
-41163
-724885
790290
546969
-349042
-666107
-364306
-943088
-918811
-743874
287129
268608
321932
623308
-771620
200756
667594
-963280
256411
-70069
-112570
120927
-116700
-316463
55813
-17791
-921429
437476
-315555
510666
-797219
707116
-763026
661977
-51517
723231
-467296
-168477
-427916
332130
-364389
-298455
131376
-605713
-981454
-123485
-970198
-450107
735829
260536
742142
-45809
-832280
459321
32355
133482
-307517
912647
-508726
12350
365342
234724
961402
205754
-688103
836498
474647
764471
-359188
-414670
-797348
533893
869285
427582
-253665
589361
-857862
-674770
-261142
-890375
499678
671664
-948625
-574689
-862490
-350455
996979
958961
478404
-402803
507807
806355
362213
-646825
733917
-450599
994363
-339656
-586047
823010
555323
55737
945873
-472817
-490521
-220507
-771478
-64553
-239112
-208208
218648
805612
-278506
-402693
-82236
608783
-439937
116364
-780310
-894343
967573
-290675
-908960
-119462
918212
44861
160119
-988064
-382194
-12629
-889497
335097
23575
-97711
907863
-424914
994012
-822647
218069
113325
-382384
742994
732829
-793271
320347
-127451
351847
-408207
-956473
-730254
-593022
-58042
541528
130297
896509
-454974
-872551
185440
-551667
145504
495375
-378756
59616
816276
-118598
358436
4769
665614
280206
-644437
-91522
111033
216951
-473044
248974
-777704
507161
-646985
764929
222804
846683
80330
-805945
-747734
501790
-342523
-914687
-122424
-813260
958120
531426
817820
-877053
901735
-536323
-774063
-737658
181580
-736946
214312
-930470
937599
57713
635482
-231618
-840788
-49963
-106618
-472939
-950190
781463
-104716
629710
777119
-712961
406880
70683
501913
-297714
-129729
162783
791924
-385153
690886
992942
-130035
353211
109912
-898283
-736774
-522953
63612
-302944
-443259
-616419
450137
-964160
-185572
-800667
261585
654198
503874
-693351
838396
-980581
365302
737428
-384579
182259
-90097
-398183
367334
-832674
100396
728128
662999
251053
-522034
-973383
733868
-147773
464031
-753224
-138366
628788
269462
-234482
619243
42292
961220
73167
76384
-635702
-250940
114595
277411
-170908
-147813
931586
715481
480164
126755
940484
449284
448875
-73920
-767315
539061
-860469
-618087
96417
574114
480595
878757
-589940
377495
-147883
664406
-59600
-314845
-9167
-504637
519859
680929
-881815
433553
-637780
-761580
284004
56502
379967
184341
158095
-928030
596562
-718305
-420483
331705
875499
-478871
855091
439710
-840720
-560656
-875937
891761
613083
-492994
-411876
115108
465852
-71497
784053
-302414
-553811
46216
-833275
62984
698137
-914703
-461462
-861411
562641
972632
-991145
837218
461855
860958
279959
-245945
453534
762520
709230
-898317
-42840
636589
-664587
416648
-558972
382484
-551295
148183
218238
33389
-137852
913723
815282
-858089
-843475
-833709
540648
758652
14124
-913492
-782109
-440518
776511
-635278
-302009
205495
938450
564396
392730
841403
804568
444654
-520876
203237
626300
-524857
734827
-616034
-276219
873923
5541
981496
-723891
131393
-911691
-580463
-356824
729792
-301119
41033
-377708
-472090
186758
-611198
246467
-693686
551458
-298408
270248
-688021
413343
-148235
286985
100345
132397
-879113
987604
702006
-72792
-626475
811352
-167244
206348
-573789
842711
593057
-630056
870900
408090
-341948
310243
701803
61736
-423026
-160878
-743674
733398
-335716
920922
-747039
597244
554025
841505
126485
-992094
758175
-278347
982826
-968869
-583040
-991793
-244745
216402
925065
-329578
-838230
-221642
624784
786291
-874797
-786596
188880
-609348
-505673
302360
326810
287271
-788702
-366455
634606
680086
680720
-197980
67590
-559773
-412086
-949500
-276255
-625464
-80862
132814
937240
-217749
-317539
-695462
-11740
895803
678078
876442
62924
375039
5241
-522992
-306748
256827
-974092
-705565
62104
128588
324470
610815
-108860
-109407
-52145
-3104
474255
-893847
127052
506228
-4094
-482691
645086
533295
-377801
-790974
-546591
9690
838363
969159
-627764
680517
849404
722707
-745187
816139
-743008
524860
-635147
388109
682994
188460
452811
629445
-75922
-394834
-75555
-7871
306999
-945794
-12957
-866686
-601503
621191
-137933
488171
-460490
-503824
761386
432830
-766285
-251438
160534
-79387
-326239
276200
677262
657743
741697
255773
-566406
-376854
-768071
213697
-512057
-437254
-283710
-972564
-551501
241225
687274
561521
130469
129370
170117
8398
583135
-863267
-287572
360757
74215
-493584
886895
-211188
484186
-547389
161628
-820665
856538
941840
-167357
841046
364679
62654
-488112
-452615
-267199
-61251
-663039
313269
512750
589146
269874
-962838
325114
524927
224786
887352
521800
171132
853010
386059
-799458
217716
370826
-698480
-873576
-178329
-498876
282330
849331
-787833
-275197
459865
735752
-602393
681073
-879671
-951427
175524
-31703
861166
618354
483646
300627
-361925
-429239
-387285
-65798
-374361
-807875
-671599
410725
181642
-259862
493536
477826
927708
512364
73001
-893256
-198253
946351
89295
-507191
-195686
267169
-777664
749981
999569
-707181
223729
-550330
483293
-590577
-160586
-953596
-28055
848406
557622
-414339
-628172
-301328
-349306
832105
-72784
-132776
325020
559609
-120605
61596
905860
282048
-883411
-288083
-455012
502440
-735818
775858
341658
-993996
-156885
-663705
251946
-205910
-713050
-212920
136825
-439219
579452
-768722
-400509
-14923
62951
-145532
-567842
672208
-699867
-330328
701170
-865799
98990
153490
234265
-144578
869571
561386
276921
-161776
-58121
904348
731145
-486995
884505
636840
-32240
-237074
-548138
-453397
-373667
-496833
147735
-99881
555077
112210
130494
-283608
356348
446518
-332809
511109
-840356
-278395
116218
843398
-240230
-617058
900962
-563568
860856
-543940
921962
-171760
-504770
582238
-867454
-936752
848472
718573
-91420
8841
-887186
552470
632150
-120472
538786
-244042
888831
453003
-201314
930832
-55110
222526
378099
529734
-827709
-392381
-440306
748813
973067
708663
-486728
540240
-770035
673149
-438800
617217
241643
132337
-587089
-263133
754266
-269914
-313375
-505518
337598
249725
-788882
-751999
-955535
136941
-525317
623695
494065
18399
-758450
-597155
383768
886199
293874
-876430
427557
83833
-443185
-746886
-346742
-62433
917680
-387701
972685
543671
905677
-807521
132239
-127695
-983238
-677161
761874
-739382
-559943
900256
-631466
-172549
-627483
494088
-365460
239442
-483014
568155
-632299
962094
358565
-590874
-887661
-337243
686880
463684
-543927
-445343
117126
-249914
933036
133209
265401
-364571
-276151
-674427
-674746
-613668
-492433
-120653
515445
174577
-256808
465926
-366485
-546524
-593475
-606887
-190959
816629
-547018
-964077
975324
-782503
820433
-335330
896362
-34134
-955060
-780090
18820
-760755
456842
-749644
4094
915452
-29961
821221
721174
-757815
678136
-139367
-914152
-594102
953637
-577626
-44794
-527714
-214350
418711
-619587
-303523
933833
-353695
758006
801006
44218
714543
-376772
-462812
343051
-797813
-413703
-279388
103871
-355319
315562
249078
-487985
159531
708926
-432353
-507022
-265789
708347
222485
260138
808450
826399
-285659
-14466
-458797
-828752
202714
134588
783275
967882
-208281
898742
-515966
-428886
-360691
185664
-569602
423900
-3367
504287
-365598
-833093
-64997
784835
-636843
-68928
-587065
265206
121278
-393518
-402465
-8091
991398
887669
154269
933858
-18669
269637
-211108
77162
-831873
-591646
641300
958480
-628778
-525528
-326345
783062
439212
-112939
215841
442447
288414
-771157
904984
-991568
666983
125399
-274138
14556
-215446
-131911
-897994
644940
-242318
-738945
9128
-408863
-388391
222041
305692
188104
432021
3107
530059
60271
248832
-398341
-26721
823274
314163
709079
820146
-940558
-185305
-209409
428696
-292790
448812
921493
-458428
-842309
-698958
-262677
-256018
998355
-448451
154567
881850
450856
277294
401852
-370668
-200504
-302174
-58350
-70430
-32090
-468467
234839
210764
-82559
647969
41459
-907264
690852
-284204
-918391
-155461
637433
607915
675645
174730
271243
-332873
-811275
-583858
-359513
-894390
323849
257068
-342521
896132
-645031
-873010
655688
178676
920149
639335
-85276
-610454
666728
-166047
-467278
551097
-341129
-621760
80168
873801
-543358
-255055
-353602
-898775
498870
754691
270173
826455
-506360
-947413
-824540
-729455
-875172
641648
-308249
939650
-415828
-99747
829393
489251
-744123
-521079
765829
-820204
937978
130336
797527
-797922
-848863
-870814
735893
-254095
-486838
-344720
-433277
175558
-169082
-90417
-859499
-825749
-890976
978555
-490675
14617
92159
845082
952338
618773
209353
816430
-31924
-598243
576558
-987664
-705850
-763183
-496853
-352266
-124173
-480401
-837526
-409624
-681019
999068
-699234
-622527
-804325
-57026
-447448
268820
-164092
-218334
494143
476059
368890
621491
326024
348440
501222
92134
370278
-164077
-411874
662604
798283
338260
558665
558123
206768
314907
-738452
-443884
72339
-271590
456403
-637605
288693
673987
-248880
97534
697565
635845
485753
-645020
858490
459649
-727609
942968
-989212
12237
-159122
-192914
539031
-159304
-570975
-106631
-337254
-413090
-286158
307210
40144
708078
719290
-586898
-999975
-924802
92657
-731074
-765443
-204750
-976515
734509
435998
435741
-877370
321521
409970
-676758
-211870
-250910
801869
-426102
-252984
690947
-348376
240087
-938160
206341
382081
935699
610858
-980334
-963312
-290367
-404467
282735
863206
-672086
557242
-612742
258734
-56528
170315
-478034
-709064
166513
-242492
884882
17793
-839297
101250
83290
562337
-555844
-135480
-494967
-508484
-861690
-659397
898333
-933882
-783229
220981
502947
-145322
-10854
-567621
-612955
-627382
-732444
-612112
-835368
881987
543667
-350722
171721
-921748
-343203
367301
952381
263413
715996
-857288
-191212
568833
-333686
331649
-321115
519877
146379
500517
454578
-426850
612996
507197
-826663
-901432
-234309
-578292
887024
188610
-222641
28143
-326752
-471874
-646113
-112008
-427065
82338
290572
-756487
-499881
-548762
-806333
-421
28935
533055
403934
850183
-505214
-930391
709086
166481
-358539
818561
681321
389093
899700
29657
-208329
-653496
-2118
277296
856277
3563
-608541
-943796
905150
-129388
-101602
-436823
-75974
-605000
-478869
-155793
-942214
-733994
231127
464399
583724
886402
120021
-411867
89477
859276
47345
256278
-473742
464801
-405759
-325516
872132
653331
-739103
948724
878919
1319
-467943
-80584
-164755
996561
901400
624771
-168143
-691585
-167102
799098
636335
-104312
537504
314788
704257
-896883
-951357
890116
-780601
-828287
-45168
223685
234181
-807133
24904
789457
437538
-898388
-21411
937047
-700799
291735
-95712
-167770
-46812
-878600
-747831
-251202
397257
-404851
-476769
600336
919614
-272734
-661477
166718
457365
127606
-125042
575734
452503
747727
-422359
626655
-469378
-25922
-9852
752441
584770
349393
-339019
-691785
-59784
205783
-338819
-106669
956835
-561162
37931
-970387
402021
276079
807930
-485283
957527
55331
767729
135193
591101
487594
563769
-722331
527149
269511
-20745
-100243
-570570
-599590
736650
916455
-250575
150157
532044
546357
496945
-812913
-477708
236477
205201
834601
56477
655335
946664
-555492
-959630
-140313
-680710
303277
-745531
-910427
399278
160647
-452799
-785622
93991
796815
990984
263814
22958
225162
-870087
-291952
-605856
97159
-90167
-212019
797698
-738869
128797
115111
579148
219830
-484977
-107569
-810937
-399406
55454
220451
533421
-395335
871224
78635
-524527
25087
199726
-66422
409615
-369852
-406233
-611886
-684958
785982
706053
428237
870566
694910
748020
-274050
-663429
262641
525368
-111652
881082
376539
-841937
282430
-142105
875628
-129178
-558166
951101
-590780
872328
969577
-665765
-851522
-236325
-130277
-687538
-380769
931804
-166967
848604
-761109
673667
558903
450611
-264265
-329248
573101
-731752
-283784
127232
-891384
-844073
292358
-811486
-472262
331640
-391907
855965
-635202
-799058
-840879
-579166
442341
-444958
705941
3092
235790
464080
-135943
376178
327052
220112
-558264
-574261
480866
-389765
-660920
-624307
-483973
-621823
26410
-720228
-570979
-520032
-767482
444939
-654124
-795678
-927127
320078
313150
-22395
-587732
163504
-605242
573465
-535978
987182
-758217
-825647
-828354
-524668
173911
-773121
-887161
-873499
952032
-445736
-264922
-880151
-99167
683012
485262
578202
187964
937466
-655943
-821664
767678
-267652
452854
177560
-538055
274838
-720545
-331450
764001
-838761
663284
-320196
-195835
-83143
621776
484439
-936143
968122
30778
-572315
236032
967296
205465
179131
65606
-529961
-82327
750686
918170
-567558
427082
-960075
6712
593112
-560052
652682
-400237
-496761
251219
-766597
125215
-372894
994370
629270
-591558
50870
245244
620355
-707623
-727538
-166091
29211
-677057
-759093
841598
-430183
-946880
660909
207739
499635
-756505
668839
419534
186043
-354607
972761
337884
-21154
-728587
817220
813671
-929662
-259229
-356808
-66195
609139
785273
645552
745531
-839670
-740954
719295
275643
-178384
-503227
454779
644380
351548
-957511
-2730
-662751
-94449
154344
13835
379536
429558
211800
-682686
154370
-700904
214487
-109792
-21649
-743335
-851332
-685739
61222
455408
270696
-200617
-970956
774916
39152
996569
482883
805400
-697021
-30592
101533
-924822
-924265
957275
-842375
-905306
-948409
-985340
721724
-527404
705203
-20935
-413950
-325898
553129
891496
-715902
703897
-701758
114340
3344
393326
668695
-674603
-401242
-163866
-73891
965151
886948
-848215
305164
906117
642926
459755
718986
521495
433588
-532214
438282
61103
-859050
-687506
417136
-661447
856300
918058
466375
-406282
-767408
-367358
-936792
597167
-69158
338648
-711588
-653017
-559439
247990
-931219
137495
225582
890438
399922
-928684
659223
989
195984
697498
-761043
-663900
511985
405691
340183
313065
808504
-651835
744419
-614074
-57184
739584
663512
-192361
-56014
-983804
-395487
-593324
320835
998392
-900285
723027
-312566
548033
40110
158308
370844
770185
-560828
-528208
513607
-97942
23778
828855
-64759
-756497
-643919
-882741
148319
281172
-621680
909343
-330290
422822
340409
-129269
19653
-997481
-689523
-22738
801080
976221
40691
-974594
63058
950900
758005
493783
731198
-635394
-515676
-735442
-272748
742123
-196887
288171
448327
-134175
422889
698095
779537
206497
-790351
-909583
-276079
-710225
626683
275024
-355802
101600
292816
-501908
195337
-148495
428363
504197
65072
-822763
537
627552
-571858
968904
958341
37117
544158
419635
-514398
-968973
6837
984307
-147858
-937663
731357
420720
-980659
946312
775162
-983626
-400426
-127466
-22728
-826222
161368
439556
209211
521658
154836
-894699
-900293
-205982
511495
369004
785011
-908889
660081
-105180
194715
300352
13713
-374392
787128
227445
691918
131548
-599353
-34309
-990583
986325
-735279
-231778
861883
-377327
-201971
793902
518083
224152
-217237
549200
93034
-683017
531362
281662
642083
248672
-476460
747991
691519
-458342
828186
-159998
-668111
754778
135526
720184
-609741
785056
609185
-798106
-292755
-282824
-884195
717719
365697
-482525
688492
-726225
838380
-158129
-45783
-477435
-811883
-181022
94426
-181475
-243780
-928457
668540
-761588
-639964
-861960
-801709
32952
-917795
372470
-498573
809056
-76208
279199
-199484
-24959
-88836
126826
-519282
139007
575136
-405804
477828
-354687
277626
169237
-691657
-265977
-660399
699397
10898
495284
629635
-890700
-895015
-457400
-911559
357515
771227
-44315
421734
-961332
800266
-560392
-168645
500431
-230713
-389109
915120
818399
-634336
722689
768799
481297
794335
-573462
460646
-877790
-726675
-167175
-988907
-68472
-340105
864491
-148238
269971
-612121
-860954
105471
598916
-264304
-11674
-854141
629278
298016
-568805
-100119
459012
-551768
471868
646388
897907
-267062
712419
783691
547617
87724
468565
-285975
358810
862012
85181
657439
408749
-672006
277582
-660261
-744491
-585804
-774556
837909
106043
325563
-37784
681614
800326
386909
307832
395512
692384
-806092
359299
735763
-893195
-217997
-259307
437296
410433
-811568
534378
-568359
-803817
-958169
-572352
7244
-581159
379351
511284
989904
-60673
128437
-355064
-59651
195658
199041
569712
-71465
-78228
164862
174239
-202408
-677886
453290
-48714
26401
-997019
413249
-400076
783245
976377
306798
216457
-930888
990754
786938
-737112
915234
-454154
-385607
183000
-552087
577506
-554251
291662
333235
31475
161176
985087
869547
-84483
924951
-671150
-463581
714528
-595281
-711292
-912115
-246582
-255244
-587662
496179
150214
275996
-158105
84655
304805
460211
74651
623737
-498557
-205343
-952369
-164784
664466
-723111
-520514
956927
38283
-195968
-24550
933591
535837
175957
410048
503869
-275199
964688
634165
888478
706237
562542
20835
664499
32878
97862
721980
765911
-914755
704845
185126
-321782
713189
819256
622034
-598018
-238317
540307
509886
384826
-152189
-538315
479961
-312090
614851
7480
-815560
-499542
-243030
-696799
-774835
770164
-823509
-924355
-206186
108816
8819
-416005
786649
185095
224090
590033
221764
682278
955657
-8136
-139969
-71937
402511
-662385
989710
146708
124693
433099
-235796
-282126
-401975
-433906
-373829
-566975
-785723
605908
692870
848321
151106
-618494
302141
859939
141130
879572
553804
14682
375381
164405
410159
-14346
547663
-395573
-86883
488133
684373
570368
-480052
903884
219952
-298433
624410
381799
368535
-273002
-794799
-619518
31324
37156
-342276
891407
-483867
597179
-515965
-276230
-86839
-574534
777688
-563526
276377
344605
893426
-8009
-342210
548480
-321133
981454
-638684
-842708
-643529
-479532
863088
595804
347392
-204598
980776
-697036
614223
975302
-138825
-998254
951378
238256
-203531
-456264
-781743
932121
572481
34145
356568
-275518
-393495
475124
-879077
360373
145887
-878699
538111
714902
58557
339298
91887
-399920
472511
-662520
861407
-401901
950873
226691
-996913
-309556
-352587
135993
-595790
-469460
690912
868331
-941843
832044
454935
288836
845196
-391625
192494
-664296
-593587
757050
635989
-27522
829774
-749429
231279
-360073
-252993
-833556
-899595
-34893
647391
-511757
32881
166173
266955
370332
-616765
-808325
262899
-618044
-88747
-314177
-454870
52253
344958
585062
-842998
-236565
123109
-306418
150775
-640702
609605
-734778
752745
-196526
22180
-448244
685698
-758903
165308
-366277
-47133
274139
998614
-998251
149248
-971896
-265129
603422
722118
-851855
171629
949228
-934375
362663
-58666
85447
851873
-83609
275358
-258034
-851905
-233388
749649
113343
976236
-795185
-461
-631760
424155
865986
-601494
-746476
642046
684165
49481
-372479
-986661
-166447
297105
-495924
-312788
477989
-529410
-275029
-304197
-834971
-98383
-462973
-822968
455530
489680
664587
175178
-918630
-344989
-726478
86873
-950176
-434286
365184
702125
403148
205233
544985
-315696
-492328
601692
311667
-2395
-129064
-689759
25796
-163450
507797
-976716
451646
647337
-961514
-295196
-324553
-614464
-582438
-940622
111384
126194
338184
-739633
-736037
-128585
-548751
306431
-658945
749594
-824051
179098
-558998
-761388
-86390
861837
-818831
285684
932574
408465
859068
58437
-306622
-447260
675146
-506833
-701560
-854540
184195
699013
479957
-735483
66188
-371908
404665
969875
-779209
-773846
295602
-67155
799477
597204
-757017
-834140
79052
732970
-643792
11286
-419887
-548858
606960
321411
192051
-944776
204238
-758459
-703164
-784909
203472
-691109
-167591
-629574
-399293
985978
-47686
221388
-171547
109646
356590
842313
629630
-624796
-876524
50702
413376
864838
-765176
305803
-432809
100675
-909886
128102
14516
385570
-619105
194407
766125
282865
-803962
932521
-951749
-753616
-994541
-538404
-306472
53346
433108
8318
-740021
-826008
558073
146780
-950061
-411712
-332972
479155
77050
208438
-756578
-864084
959941
836452
-77273
509603
-939078
-767095
-211106
829894
-992163
993007
-6020
301704
-963943
-699942
-829078
986920
191783
235609
772191
-224061
-223368
-213764
154199
892383
-196658
-519029
-13470
-12730
-4831
-814156
-693884
476196
362552
451186
-529312
520056
-556813
779304
299190
219790
110331
-107082
916904
995419
-682860
344716
73201
-602905
-613034
388634
-586285
69085
160404
453610
-401544
-808550
338711
335448
467510
-401664
-751663
-319361
227525
-158528
-685955
207761
702741
-617665
-272035
-323856
662947
445617
-859048
-54887
456131
814439
-681411
413377
60110
733665
537961
91225
417899
-489431
165639
435768
-164190
-224221
760288
-434315
-139989
-29466
-963051
-690718
-765412
516657
219044
-918250
622420
-941074
290759
492265
-16677
-817364
-420621
-272156
222814
465546
433733
506270
-990098
-877548
-597634
-260115
277492
-536240
113756
787581
369806
583280
46216
-581597
146477
-357574
-384795
294721
701369
421373
592847
259083
-297456
923061
543444
-880645
686279
-164274
-210724
-303274
146283
904876
566962
914240
357833
125906
991018
356723
578580
619152
-199951
832055
-18799
870902
357211
349714
230802
-979181
-560849
-812606
66754
173130
-831905
-508666
234894
173570
-727104
28521
-910858
-43577
830201
-906079
-33843
-346014
-872039
-576667
366167
549637
926131
762056
152180
-668294
-772316
22231
-371093
158852
925408
-922360
-38369
928798
-184069
-35881
-56430
753105
-342575
553211
-422713
489807
-849864
341942
-310406
817475
643746
102612
931179
107352
-786369
-867272
-619825
-284556
708184
266369
652578
-908089
-454448
-579424
895301
-64416
832275
-249822
209373
-783603
437421
259909
964077
-210425
-333020
-529534
-712013
700324
-522351
-998498
-714071
156666
-125825
-409873
626832
770846
307723
-602904
569550
676487
226262
625694
241338
11919
-503935
817153
337529
-42495
-796131
151345
-699848
-867379
-916641
877516
675425
287060
307139
-206472
-131043
670244
456454
-784119
-311195
147326
-845995
-843214
604900
-968951
773091
705087
-32546
183332
635212
107191
624846
-184424
-172328
106773
245414
581454
930574
-488649
712662
-572245
196746
21977
62199
846510
204699
887660
-366998
-818012
-210849
-881151
759210
451600
408918
-424349
-808887
-965855
696577
930603
60236
614299
-208727
179811
-687094
45571
638576
-19496
-191052
23549
-6438
319992
-251683
-297650
-470887
593654
-989604
783014
441172
693697
781131
895856
-852379
-795203
-302560
220768
663247
581060
-309508
-472197
386230
185505
-651109
868796
-589533
94135
739573
-578511
633003
462959
-506122
831172
324608
-546746
612022
-952027
-526436
837810
585924
-968416
231394
104030
-9762
-61158
882528
-992292
-688437
-143681
762170
432080
904153
-949776
-325999
971963
-643143
-17020
998149
195434
77330
367340
-852840
-418206
658773
-222248
68306
-163279
484006
-726708
-677334
365752
293224
654174
572682
453765
26175
444809
568456
566848
-344488
479608
783487
956166
-307616
927366
552026
-200995
-549159
345657
691479
-136174
896851
960582
641762
365831
11645
899552
240082
-348068
-920056
74447
-677730
-635863
167974
-47243
-47104
-65544
-712376
932165
846994
-188919
555582
-720173
-352532
616590
-125509
-866318
108023
396316
662656
182367
-197365
-263232
-235878
186121
604855
-463793
-216572
771227
500433
635951
781631
-880522
-106980
-764825
497002
-243555
793318
83070
-963889
6974
871759
-204113
-887139
289779
-43822
34202
-382957
914755
231733
454231
320945
353253
342308
-546353
148318
358294
-578719
-785337
-702573
-497282
-971110
760060
948615
52372
-341666
676110
994023
453571
44663
735114
-711222
-645889
828592
994
481434
-367152
375776
558960
-422601
110470
-974263
-525250
179769
-259853
590147
445303
-657677
375773
481047
-631213
212026
-228932
734178
340670
-348359
412801
-348943
-295893
890576
-953007
-904026
387080
223186
-409219
-114983
-844347
-326952
-667217
640723
365079
-371325
-786377
-482382
-349427
797536
-730812
254693
883199
943558
939322
914969
-98152
-132514
-147610
435192
-52330
822740
648043
573557
522905
-661135
902511
-988659
-394508
699782
-959691
909870
100266
534467
310630
-50677
540183
504135
-954415
-253441
337520
88181
466017
-138540
-449423
263379
-385981
-553280
379677
-232081
-647291
-494225
-209633
197123
916571
470600
188047
-219514
683031
523029
-71988
226716
-34480
-987172
-600802
347466
-451148
-117391
-63937
198724
351537
-474625
-10780
-310550
-653521
-441546
-562869
-155075
241624
638173
30787
830695
439956
142667
528409
810189
324407
584020
-352313
59007
453254
994530
-496352
599122
235117
734179
989036
-634439
-303229
954325
901645
134272
612829
-600999
-705229
-611448
-120122
869460
-860393
-494299
-262292
-759779
10593
-438670
952241
-197247
436753
887285
555262
-779969
30945
-871347
194911
129540
-665583
356398
447178
-943316
202080
934809
150208
-789269
-811681
-312102
-389238
924379
354288
-821190
874991
-241873
-166834
352677
-528202
-499334
-472603
-550311
-470869
802924
663117
-868771
-380068
-60667
128695
-69357
550603
-46515
979380
552125
-814736
516942
-157517
54042
-310539
-623782
-309405
662602
-384266
217895
514193
-441718
138965
-659193
16089
-11241
-415666
923371
216433
670940
-421370
-363271
-764122
-980200
-718368
-246844
548181
-357331
-565778
717332
-697127
-850275
860141
785082
-880152
-838854
-356155
491374
-301866
-139858
417488
157327
-913401
269014
-737851
-426179
-796987
144229
-558214
120895
291952
-936227
-10659
563558
-71052
535721
-727594
-492280
742
357318
-729111
320011
949704
-200263
400413
-453749
-887031
-582858
-283932
-44212
-919366
164028
101225
988524
-944122
683765
54851
330058
858470
-470785
883503
827141
935939
293042
-676543
-358874
473726
-762646
873372
-919957
211345
-782911
-687707
733900
270672
415518
14791
540702
-856281
982531
-317140
-881683
-404969
-659191
-941368
188820
902932
-94363
-28932
-123072
-450164
167493
-537479
-154340
-4451
430758
722021
129108
-322187
-442877
368819
169761
-111572
107680
-657586
-791359
842099
-559907
905794
208059
-325469
-332966
974031
86831
-241626
896816
-374582
921039
145395
87014
961006
-354839
23087
905290
-90781
962885
172037
-942418
767733
-422341
-92351
415015
269775
-860297
-477390
-333742
541595
-120151
413654
-362139
-936148
630245
-555080
-108952
-514762
-440497
479240
712191
858724
412316
-810484
475623
619167
-761541
720066
738827
-691379
135026
-398091
-221799
-489325
-109231
-987776
398268
682363
-636677
809898
-327144
-545663
-781522
46187
788189
419578
550916
-55887
824302
-104451
575059
-379805
-58352
-758388
455271
810944
890990
-939519
-319070
899259
-814729
215002
4279
-75961
-145540
980123
-434341
-739447
360389
520555
-282379
608142
-857059
-139084
-864407
-483207
274796
883083
-239955
587234
-687591
628758
-351051
-256576
29730
-258320
868931
8382
-994585
764863
-702681
-418598
305562
225246
-482684
-821722
414996
-571933
-486435
-336184
381239
371688
-494804
503036
321387
-996752
-962988
-105336
-89659
-716316
933438
-623186
-380890
956236
646560
-763649
219769
-455917
160620
6564
30323
373426
902034
86142
-852916
362960
34411
-559440
-243778
-342947
344165
905703
679335
658542
-519347
-438827
-359830
602853
-369193
-795032
851819
-139830
636182
-356991
401889
-27369
-18666
90809
-689296
89699
835522
42746
792564
400312
268472
975698
746730
681962
-671172
-356476
-893894
859380
-682522
330742
-973963
142253
-130652
-100783
694343
929110
-935028
-838365
651974
-692843
-762047
928547
-963634
-448642
874298
-532844
374858
865442
694641
459747
-946358
-56577
99901
760779
-937911
-635122
-171106
384084
158275
-188581
433258
442848
745492
-31606
151155
-104997
124646
-523635
895701
-303613
-206844
975854
-732419
179851
595084
560485
36249
490939
343629
-650158
-572945
130695
-555047
997707
-779212
-710823
-221543
405193
-450075
-621342
170981
-220455
-467542
-746690
-43969
-53227
152616
-904915
864713
845603
991348
685790
-293174
840427
-922555
383900
382130
52038
-838946
579692
634057
-193821
-162029
-583239
554530
-756372
-620904
796611
-954603
876024
231321
785313
37376
364518
-716279
187933
-11990
924530
533257
-180265
493811
236053
22905
-757390
-90594
915785
-405339
-488731
365663
-321955
873989
-898515
857394
407454
126121
692401
22836
-614283
79085
47966
442236
782993
69857
733891
-309213
464361
841263
-951396
852199
-451078
-720471
192885
-870496
435686
-783916
547852
411543
-670446
-521446
-267086
201293
936078
-336537
-994719
-573651
-145430
890286
248127
-175029
-599933
-622878
-231387
583653
-183415
241481
-682262
48825
-943134
13853
591012
280683
55048
-459673
396866
-246434
441548
-577348
838120
-236359
-43556
-586092
773176
-6488
685532
-705415
163503
-741713
-646629
-901933
-178292
-577326
-501448
-36567
-473945
-644907
918762
711224
884921
984261
828684
-760866
-408923
-840585
-628004
-397626
619529
-159813
868780
-503108
-146472
268507
393604
464902
-54320
953463
860973
-898651
598956
-110791
-880579
104426
735229
562715
-73078
912007
942278
241345
-665244
561978
531393
634638
631118
286797
-718591
-313491
524077
-409326
688555
-814853
-362293
-695643
768678
-581146
677495
573005
-590908
-386505
-224205
95403
869527
795773
-92393
616397
-900056
-191961
-196781
190225
922163
445204
618702
-629099
-287220
-235824
50996
-478193
-422755
-965558
-20157
46928
269633
-860658
314779
-771656
247396
-238527
-962157
-845727
924022
976498
-647207
889725
-498211
-746255
732274
106112
-932987
-320948
303695
550413
322761
-647890
102054
605981
-138308
-871296
186588
-719257
-429526
590236
17617
-800318
-300937
-835562
-158854
40288
-368150
846694
766714
-670506
785322
587671
209674
625422
-15972
-796105
-7599
-363337
-960655
-105146
-564145
-785574
196564
440606
-162943
-500855
-177464
-933773
-907428
202505
-332061
663372
-472804
739886
-199459
661274
519155
-728125
927458
173333
299383
-708830
437690
-742464
661559
71771
450235
139546
-22001
132300
104181
-879364
723718
927774
-260120
-126565
868089
-290535
108739
-551379
595492
-391895
634213
-419226
-706808
-811072
939902
-876314
926574
-185850
954547
-302640
-59491
538218
-209391
-26037
-552276
-85419
14761
791226
-981840
-692696
-208404
-207623
20599
-995601
538681
-166805
-366017
-424755
564783
-36544
207728
-42755
-408597
-340403
91697
816772
-894565
-481492
-928939
-924252
651219
836634
-799175
-184743
349654
110049
-680607
-76011
696457
669786
242298
664095
19253
744419
-764063
793311
279396
-656977
89793
5016
-679709
-511523
901639
67782
358952
-64872
611026
-362394
-939336
794312
-803987
706141
769354
-172907
-737670
532641
-852807
-606951
-958071
944044
-495931
801813
-133520
557632
-151625
432610
-450219
7555
473752
-124619
-34850
-314408
-555844
250111
-966347
-650328
114388
-467676
292936
-700211
-690047
46206
-417001
-574132
-844388
688993
-2276
-577509
-160813
843305
-127201
435539
-943136
512163
-942543
-614886
356392
-979020
-447529
-340353
583343
758533
-777770
119195
182454
-149731
581105
240448
-759952
876068
19829
389745
808807
692578
-403551
257202
-257278
-40052
-528191
-414591
-614572
346374
-365855
-79383
175795
629119
529839
170229
684508
-776497
529489
799960
851753
-119536
87570
-313582
-6353
191631
830432
570186
-261193
-977159
-451245
983440
845573
-603126
184991
633904
9322
-164990
33101
-936068
-855992
324828
846327
-824714
-328531
-259047
200407
849337
357370
-582426
-393637
934864
-794612
134318
606592
628624
-574676
77339
842248
-307540
-985923
-365150
-10334
-422073
-399935
-313355
676844
266131
273760
-210975
-347249
456079
-225566
-961480
-299531
685422
410513
-660244
-352482
661433
-799481
487451
-50604
862043
-231298
828302
158640
176355
25739
692070
636384
760437
-530830
-267021
-636986
-356342
-438279
-137901
-676821
-310755
491784
402135
-504046
-698132
-596566
-742497
-218486
-802974
129995
-497864
359131
845841
909265
-736432
527005
376466
535658
393782
521504
-671274
900989
360374
194439
737845
-561580
21241
-114562
-405937
565325
839377
-988428
487654
224806
-698825
813040
-894621
-394283
912357
612789
-632214
308418
172424
664389
-844878
-18129
235148
136359
954857
-612270
585847
-456277
-752855
381055
-941234
-540835
-835987
-999578
375569
-399997
470398
-336236
-37509
7688
-349571
-833489
229096
395786
-466716
108725
8227
304676
-248117
-179938
393400
-512561
121991
-342911
-122050
-247982
658043
175941
672305
-294506
816920
880703
543855
789617
256403
206914
290984
-271565
-46754
-250957
-93274
644994
-873215
32577
458292
706054
339520
-568807
-135142
-918451
-433134
-555388
-35644
392994
11242
940557
-749775
-743302
-876575
-357102
-716315
121346
-589866
388972
-955513
-79593
-461232
40384
648299
47496
-830975
29705
-339451
34668
-560522
-313021
-877764
-512701
-242612
-276885
270659
899971
54281
-304378
-987605
-407220
264361
604338
-587496
-664775
595185
-450104
-476188
268151
-328374
64695
41026
-757219
817206
-297762
-578274
987392
757698
849732
-662896
617405
-249178
-930001
-680792
817419
-749043
76367
-996225
-402440
-254648
-915267
274728
762627
124600
103105
-445783
-493375
747104
-377877
11065
432158
206156
801233
611680
860404
337329
461659
-746191
492731
546511
996657
953345
-823075
439865
-790149
607673
975886
165599
263043
926839
700328
790832
448203
-303816
-245405
-466595
-702068
-598633
526058
-161473
-237408
767014
483055
577486
376763
-905493
178368
-739345
-154567
426119
-726213
-344791
956175
90644
765411
912269
-402057
880258
317468
833690
-528589
67911
554204
-605412
-478171
553387
-568526
-630325
-39351
-856027
-252077
967188
-552191
-707108
-944340
-312654
-763302
203166
-242245
634659
61953
154109
79274
134322
316196
311938
-427470
981306
-461388
-247970
560889
-167934
-306148
397013
-955940
49251
934694
-573455
-691048
-968534
136253
163703
-545718
-808004
21936
836844
63484
-816604
-469059
79234
-2127
903176
-356702
-643682
348944
540164
509006
-622207
354599
996195
723602
-171967
-907779
-980811
-798033
924422
524288
-317044
-58933
-892325
-60558
615158
-984081
-9963
840852
227982
-958508
-923423
-587752
-70079
140599
500686
-302378
-853163
-650171
211105
848605
706178
-168621
129704
967530
-473084
845191
908308
743356
223498
-809584
-493376
-560677
268143
333609
-597732
-462992
-177825
352978
302445
-897202
-524041
570514
-925964
775310
859679
376318
-894877
81828
-666585
-677944
-603550
-125118
-496754
200155
-398565
-809300
337507
-280047
-694032
176598
2861
21943
525721
516648
-48663
34690
623321
-890663
592612
880090
415073
976621
-577903
-566864
948369
-33266
-135542
489961
938468
158659
-513156
-208402
-495178
-345722
664373
-959939
-791434
23435
-180728
458672
254454
244731
281919
-623846
-679710
-580760
-944098
263639
-993024
440085
-891632
168635
-757512
214416
43631
-983537
-668048
-99751
-598374
539859
773207
396861
-688223
-946430
-328246
164153
184539
862029
154328
156843
-306240
608039
-967126
-573317
-958924
901064
-774562
307347
-694299
-945241
-689683
132552
824929
-206553
148137
-635347
867426
623876
777662
422154
-894691
332369
951169
-437251
376558
386905
-50493
157759
924144
-623795
154505
972960
238909
563599
5840
191224
529326
183762
724632
278664
702714
912002
-746059
339713
687795
338236
-716031
-872930
689920
-76407
-936658
-26633
-129430
391591
-197975
49829
-236406
722299
425983
649751
-813731
-204048
8657
-223535
720116
578396
118742
907155
-657183
-10209
432927
-920065
376884
-174955
987564
312330
-124473
625043
-94632
-225897
701268
-666289
-22541
-856208
739918
-338110
-107560
530740
-311368
-448395
-609995
79218
-273539
46419
-680727
844943
-44309
525232
-741801
-446534
734400
-482647
196092
-454653
456737
50200
120220
-595789
945339
475244
383006
728575
-530704
104957
941100
-93326
-950741
865962
52109
628085
720495
817732
459885
284694
233433
-111558
-924397
23166
427568
-540358
-373043
-438954
-981404
151589
-373087
-185032
875996
-90959
-435643
-112171
50172
-854532
945190
893727
620086
-22923
224410
-162578
511405
206563
-482927
220951
766873
247350
677644
755643
306084
-798109
-982954
83017
444386
492828
-213052
253272
-111139
-255963
-899794
-400627
-687096
52722
-83155
-372086
322622
-687752
157218
748742
860055
741328
-176627
309211
-728914
-613181
165997
-192360
-87517
615552
273589
966916
453027
-782674
-591562
354760
677583
-966536
74989
556396
39605
-868126
-197479
93589
-585385
-313735
277931
161573
314977
-916478
-380970
265634
386552
570371
933271
407311
576714
833641
-375436
950942
860117
708134
884787
107849
555079
-909735
920723
-432866
-75988
237181
171634
166028
-973296
259408
273498
404700
999170
-345566
155788
-565513
401703
219832
729321
667670
995542
-39874
951501
-634890
588849
-142506
-506467
-247529
-823088
-286111
346168
354823
-899138
-869630
672576
92698
85685
978020
448050
-138221
696090
-36060
-771552
-371567
984151
-663165
472154
-216478
517528
-614439
-144524
-270051
-480320
-634653
929302
-794123
-141037
-915585
974483
-147868
-597666
-927111
908637
-434875
-715593
200157
-964790
-927489
278816
39632
-800995
-534931
-681589
-412446
-734726
-796368
-381617
37316
-36665
946836
318425
-356098
585678
551022
-373361
-52774
-474566
-32487
-502131
-41601
-671293
587925
-471109
183576
-178250
-646081
971650
446154
-810304
-336488
-647214
371110
-382978
-242076
459310
-757975
940838
381718
-984620
-116601
-530446
653948
719478
-704272
-193975
-594643
844934
237357
-980979
-221642
302380
-104413
465821
-832572
-970635
59854
-167575
-773066
815016
-420497
-181390
-985712
705276
-634203
462253
735026
512680
324837
503692
-607515
209838
831095
-940909
-364883
-397239
279859
-124214
-695903
669380
-314490
967641
-238872
379970
128992
-325842
945167
-600999
248749
617347
46529
383286
798007
-162935
-734943
-79649
-698527
-779008
674572
-550337
411076
-617000
283849
34684
-260293
8948
407127
-94131
-113982
607142
800654
533912
-543666
498662
-33433
-326701
844623
987120
201874
-685182
-252661
963528
180535
-527944
640111
-580156
-484425
-847822
969976
-716292
-621935
510387
-234956
-545230
783047
839777
177825
62125
-734542
951361
-90856
-574459
51280
317799
416918
-970041
174872
131511
987746
-821429
-771311
-361217
-423240
-212951
-835766
154671
192656
88873
358065
-252732
765207
265764
476742
642531
84159
-592120
-3760
433466
-200564
47732
100150
-567632
841695
42462
-19750
720777
-782972
-321149
-75643
273553
-147783
416674
997501
448487
-93330
617691
90030
281740
458533
-607124
-346152
-302395
767390
-6788
193821
-182668
-222688
85204
-970607
610021
300805
-201593
656839
546530
240895
470422
-338138
533065
-270236
852580
-142920
51725
-374486
188734
-980953
-833258
-490034
-827838
360779
-902228
-668190
-333169
-746132
-24555
-567556
-533128
358678
824420
-475546
732076
-195321
376980
827470
-879117
-963923
863829
-406399
-100783
-998865
-816701
-710922
709203
251626
279494
-98293
-50835
-867834
243957
-636976
435844
862747
-614974
950078
-244022
-457221
658168
258393
-182104
-698936
721109
97279
47773
235333
258100
-253650
-549727
-772346
974678
369603
52990
529045
129288
-905568
838720
500648
-38615
-72121
-806331
410071
362795
274422
-890184
-820557
825625
614624
-8490
703206
625711
522611
411471
339275
-866161
857764
357829
-506504
-453631
-742728
476411
-60416
-877837
-619471
288231
839179
-809055
741960
-412498
160121
562320
-454155
-514946
848936
-517830
451703
297947
-952484
-210291
840426
-480413
-64145
-230118
129448
45778
-925517
-85576
-712938
59156
183777
695547
821150
947531
-5017
-584801
-909377
474184
-449224
-406031
-148884
-159966
-375064
-189641
340844
-224295
365880
-365136
541848
-241266
607265
-884654
-501326
776397
650026
-263130
-801485
-633643
247621
957227
-625316
-957998
477723
-14553
917000
-575633
701222
-640734
17950
-221147
-225370
733557
-134340
-851493
-251648
-12073
-203566
-409842
-462448
-65290
255399
583087
835488
-515099
-619141
300865
-200446
101458
-154477
-618894
397844
-806161
530737
-668586
-739485
75905
-602776
535436
672709
-751757
-293132
839217
-795323
-385670
722110
101621
755300
-872659
658045
-693692
-215959
-995782
375747
-50047
787142
121478
-990257
-835888
-512021
-941352
28329
-47758
-213475
-966685
165263
-579909
-247947
801012
420522
-614926
366897
-453891
-549893
992768
644864
-87989
-714549
-162194
136367
-740232
-460383
67709
287323
-253887
168539
-955052
-62791
887131
-351534
33289
421310
819257
787717
-718521
106745
818291
189738
5593
791700
-349741
-478917
681155
235018
-115964
967024
956580
-573321
324795
864767
318983
533021
-479032
879172
-167420
-320906
-997408
-288243
769814
225492
-883985
138476
465492
-157338
-163142
198050
796767
227808
-294398
358687
267949
243130
-388765
-113732
427097
-292579
-716259
246404
763225
916974
54345
919976
77875
337764
-117555
90062
-891699
-579070
622890
-913169
772232
-331753
-229815
-169644
931652
444928
560640
-387504
-289582
58572
-912892
-962194
47695
785713
475384
-530538
-351729
771547
-879857
727309
-266995
-185966
51499
864624
-607509
763700
724626
-449913
269808
15400
811994
-687113
397417
844449
-108306
-269653
-659051
957264
-662614
504417
582658
-179225
508166
-374426
622532
373824
-613825
811610
-928685
-706185
859718
521831
59926
107061
668415
-349063
184209
422927
911950
-914558
-107336
58540
-736321
721624
998400
298991
-575916
438279
724746
-149439
831994
-643168
454045
4221
-179005
-111621
218741
859105
240944
-488319
754434
206480
45970
945020
481224
-117306
713644
-833115
490008
561752
-426439
-28533
408879
414656
-416533
781141
-811337
-678574
317990
-712368
-181255
903399
-738131
-446664
121756
27086
-495765
373313
875151
-441464
483690
-172614
772705
-788245
602331
201439
114537
141384
974621
-670392
-647756
43699
-728554
-828525
273478
854978
348065
739270
177438
-843555
620919
-932275
516371
-296685
447296
850898
-687633
-239965
-315604
218206
-341025
757301
-943744
-389117
-882935
-147540
275638
-43293
723519
62761
-884622
-647694
817311
-302124
-818660
-948733
-980345
-445277
532087
-281336
978960
-184635
643634
-956529
-363906
-198322
696901
735948
829809
-218301
-443816
125653
437398
417909
989618
769673
-489497
234774
114204
498822
298070
-12473
27815
-888078
-659371
686261
-949897
-649966
543748
-333005
259544
-617243
762248
-813000
912739
476054
479519
550781
-289873
-846616
139958
923470
-843581
-614541
-528981
457580
529836
829620
210599
627646
808499
746780
416257
836291
-243917
-24234
670056
460896
-715572
-536906
-416636
720658
531981
-647190
-151604
829068
123531
-53979
-202009
902107
865894
320882
416114
-636116
-128646
-163940
443842
838661
688232
-591506
348821
-354951
-919290
935309
-576018
284652
-169542
-212309
-905808
966105
689297
556035
-191124
632796
394808
223407
-450910
-64176
327818
273775
-885337
-387194
993809
-657540
-818176
957622
-485133
-549596
-310726
-864309
33153
643923
-17675
35832
290164
-562785
-190667
468621
795382
784806
-407328
-354395
744205
-801192
-568469
166552
738992
-317747
-137081
109183
-866475
-332244
-571921
649406
-647199
516526
-955070
-536628
80224
-207862
-846064
-291256
-418985
203404
902673
-757458
613696
419919
797580
-222472
869145
956549
-379948
909957
94120
839191
331012
-515460
276296
-649860
-347762
-140951
239059
-616049
568594
62360
-348205
958134
593787
-748467
250871
-860368
-23595
1974
882698
-364105
-486038
715779
897819
-256771
780029
-17160
438139
408409
801575
337275
-505096
699531
140349
-561490
186182
-788080
328074
715212
-977669
-306196
403414
-199898
286838
-849038
148329
-209533
-222229
-18916
-592943
-328512
117287
862312
-444205
-334446
-690865
-39698
972544
-494648
-924401
763269
-257806
221022
-170450
-823842
-347462
-872804
-55886
-581604
-808262
-213211
264596
-831727
-114204
-794034
-979418
-917484
184164
-300347
-13578
-917579
-594510
769934
-914943
-112508
124586
-470959
996430
-831553
410718
120091
249449
-617307
-57372
-615552
-341283
327479
663026
183917
775786
-229653
-872912
727622
142852
920337
-348477
571628
278365
504613
655454
-24492
535051
-441730
-843459
870064
143007
907244
600254
-887611
419374
-95061
129725
965398
-459821
666822
754536
450768
-217211
-836921
976505
-608544
-135928
-429448
512631
783338
-729814
514398
-834485
-798703
586085
-355161
61404
-56967
-320277
-273494
32386
305126
829975
-313920
864549
-362772
194812
916974
-344953
-960937
242366
-547698
429265
766597
806511
-681270
-72804
-805284
90775
-801692
714028
-215583
-884374
-668907
488696
-744006
-546650
391147
827800
-530143
882759
222129
246959
-647507
53550
309749
409837
964569
-485213
-915184
-402403
-314531
536269
375896
-169428
-199238
117343
168665
860294
694827
188563
218178
587834
-740106
770262
-12154
-721480
-267188
-712352
-902450
285161
-797116
-627515
-748067
-798341
-837921
298732
857691
339509
526409
-381805
-512862
-967764
-21750
613649
356665
-126763
-211758
392167
-252131
-171632
-453153
739062
-542740
-633738
-893189
-735585
-241392
139497
965391
-177614
-464530
697589
-958405
-199617
733098
-701481
-931681
-45788
-836836
-860979
614986
356295
827309
-353365
-495599
-602624
602648
-38969
-887058
-33454
-884731
840392
139449
327804
866404
438845
488715
155550
-979315
423414
495198
-198444
152407
804545
474715
874140
-954526
568976
149833
832272
886298
605643
367680
-805177
-932743
274781
949325
345371
225936
812449
-784307
820607
-96399
-970520
-100251
775123
592135
-497804
-503039
-254496
-998243
-185876
-215790
-343300
623869
-16219
-367161
-891234
-895205
-114326
-128152
-489134
-485885
41016
974077
-514744
442942
657364
-875100
-849106
-330428
589360
-507657
-228781
-197908
187000
406406
-211355
-580422
351096
-606288
532016
-593507
-139468
773346
-327551
454912
20227
-212090
618592
-866569
266558
-669875
-298969
925938
-603882
26303
257437
550851
-421061
-715237
291560
-860647
-211410
678438
-735716
518100
926436
-843527
-735871
-916922
-718457
41904
509025
487007
503963
-754056
-80120
333746
-736836
602324
-461529
610565
-600998
-784684
281847
-320690
730096
-932542
-83826
579663
626437
-39475
-150629
917242
-290689
-259189
879229
-185360
-734094
-765772
20607
-646211
491017
-668577
-516429
508949
-458741
-161813
143859
-769457
163415
-829639
410318
-755359
213643
931879
-378684
441079
444590
-454361
556138
494452
-295943
115578
-387726
-873173
-232492
116023
687041
-785725
-403432
-21126
-564562
-537120
-175536
938366
404627
852337
182477
-985966
261331
-832793
248917
-806074
-932985
496601
16023
587720
533960
722523
716228
-715523
798751
590224
796999
979424
-408060
-683280
778430
881500
324921
-578797
115207
-675747
-34928
-295402
-636011
21812
318797
-876551
912805
-289463
429763
634631
61463
-550287
627229
-318626
127182
9237
-464191
-164712
-133538
-28000
-66621
15260
-842923
-829180
-578252
-357483
41861
-785681
595915
-63563
847958
-713150
844093
-976791
224705
78599
110619
-990881
614188
825474
-64145
-767276
-367916
904038
-925573
-295002
-196024
25143
670244
174271
-875931
-279910
998389
397574
-682322
-539141
413210
-152161
232472
70661
-872577
969648
-759927
-250276
357994
682241
-638960
257070
-346154
773913
-725466
288574
518218
866808
-473493
-957316
-555083
81724
663815
-782570
247870
-380105
-212827
51665
-174117
-638405
386784
-739973
-659708
808759
870789
383320
528965
203889
283328
333517
914231
-663808
350904
626364
699535
-837708
-284710
-245672
79061
24761
340430
116492
198768
150367
312216
599167
400200
-808763
-466462
-181453
636701
525687
-368239
604399
546469
-593533
421027
932157
149904
169163
426936
736547
-243431
90998
397266
-422682
-932609
-339700
530861
-1914
315936
-108795
-24741
719749
646156
907097
-611212
-879170
731123
-118208
762751
117743
745174
262682
-249781
331170
-726393
551752
561516
-122028
-290321
452564
-687882
130503
287705
331944
-311553
-356993
673669
-77196
417069
565604
-654266
-682805
74923
512374
82246
-647248
-262596
261706
536289
-2887
-455094
-352737
-65285
-654205
514787
-941786
193849
827583
-152456
98328
534665
87299
676860
722169
-147385
-376283
-44967
79406
927931
-101982
589119
233645
-464669
-631467
-951010
-869960
603379
46833
899450
804913
-706440
-131098
-754339
687088
-518513
-153424
317006
174315
719802
-213472
-635547
-707939
-722434
-455501
344341
-686544
454163
605252
403459
-62450
-487935
-903850
-160759
-227329
-985125
-692344
-779349
229337
-102889
173483
341147
-67743
-546944
882884
757085
-26414
601595
-821833
-225691
-311996
-579067
343178
-121424
-250219
210755
431425
-686494
-347349
195360
260994
-893595
666976
29041
119242
973606
-126212
130481
448146
-177411
-72412
-466221
-969504
-998297
550589
233218
805664
972671
222069
-679208
107518
87262
-929631
530396
-221385
66468
988018
-45234
-5022
-522119
-939355
-687910
168699
-572855
858458
-374454
488172
-810073
400903
87103
176395
-447476
931542
909095
776682
220134
848440
-524626
-476009
-202804
189140
759851
-665259
-462195
493126
978245
-225627
-201354
297207
-930529
-26583
-101120
577086
985509
978196
-944156
247042
598261
-863980
109484
204989
-585077
465166
279662
-359908
544977
775138
-841342
-419321
224964
-831555
-187498
-862643
-190981
871688
-289126
-621083
602887
-959290
-433981
210914
-789773
476306
-825030
-313911
-982710
658011
-308846
-241707
-781074
874960
431502
484837
-559156
-263177
-729578
-644706
-216090
541497
-533063
-600369
596173
-779872
-789497
-368923
-887887
147792
493953
-722313
148765
-493994
-496979
-260387
-844766
169997
520995
-431799
-24443
509580
262514
-693628
-554994
-573746
687839
828865
-739473
-440819
-341096
887836
-786145
-371393
25385
135024
-111387
291744
218030
695631
679728
362297
120417
851044
-851113
204960
-636718
141140
-1794
-781742
-200340
-885130
-115603
-54305
76480
-410208
492814
986981
-528872
71754
-163255
-562517
-104795
794023
475719
-665232
702387
538581
-95138
285033
-136711
269271
-736295
123846
-873772
665116
-382858
415478
204282
-609663
-782801
-979617
869295
-713218
213124
594187
-284379
129647
-600287
620375
-938604
-808464
594817
732431
749136
-996060
-906976
-824134
167668
-461567
618269
-122297
378845
-322850
-638914
108526
-129252
695950
23077
850553
-226852
650975
-14308
-245592
77840
906682
-141967
-71097
-853427
994227
-270549
-412780
-289224
580833
200250
619249
892712
615054
586112
122648
35227
307543
373741
-17167
401277
-107542
-602776
-627592
-81850
5304
-814541
282382
-598981
-428719
-707434
-278500
180739
-918471
-180250
142217
-688577
911913
103073
-482002
791958
-770555
-56684
11425
201525
-413450
-373431
929509
-76787
687435
619187
-328178
866007
773018
747041
292077
129186
-926574
-56868
-817364
665728
995124
-975058
382111
-863700
-377038
19069
464903
-54628
755990
794342
-578599
-274810
552703
315310
-780189
-120753
-433619
-222811
924683
-53256
854250
361682
495214
-744267
-686385
-194624
-811328
514837
-730472
-920141
-575614
-843831
847119
17712
-417950
-528670
132523
-576937
-45052
876916
170084
-856602
-757442
-897332
284036
433512
614093
680038
-123729
-206702
245138
447020
510275
255733
-509211
-386238
412089
391986
-395553
-458941
-359893
-317033
-707568
804014
-610894
533203
-955657
-998937
749116
169628
397177
-548990
23946
258641
821644
-50033
970587
172770
743965
-645290
-74815
160640
709049
-658903
-948310
723107
23736
-625935
609521
-549471
-246451
-233994
-539981
85294
166708
397320
457516
193528
611407
-510027
-719237
332090
-168605
210633
327332
-786697
909769
-752228
-966162
91552
509603
272327
-924914
446669
924652
-100321
-439992
842827
702460
-571991
-911850
312389
-115176
994952
713842
-948592
249202
-174554
823488
932842
685454
530571
327360
-798424
977412
625347
-470019
304145
637876
-951920
-488809
-659560
798420
387841
217771
583931
-161948
-40631
913947
645285
-363241
-899936
-277302
121014
260211
-121697
-175907
-568600
806756
-438976
-699826
920622
16359
166409
611144
-118061
-553433
-403077
237151
-278138
-203116
-330902
170217
-75937
-987171
260505
-395932
-656121
-564003
-401002
845720
-482635
-569971
-353741
191871
857198
-110803
-904412
109868
635658
-665105
-297710
120723
-656494
598244
692276
-355384
-562977
-657765
-485005
462998
-906805
598670
-244174
452790
636693
-749467
-281597
517264
469049
638740
354678
-558921
-898808
753439
387706
521273
234103
71662
991645
211746
735637
-82122
47217
-6512
-595755
545105
102103
-164866
-349161
-297655
985925
208249
579692
-408511
-899726
-379286
866693
-889526
-983013
-130137
579910
-128046
-839034
-794186
170042
307868
-878391
-806644
-787814
-784490
907775
580419
-205735
799886
702852
771252
-225393
-471390
703998
-644587
-197275
939343
-16482
211081
-477029
-768233
-698066
518683
-284351
867524
991751
-49552
-110662
-137519
-783079
-408508
443481
478837
-215985
82582
-267727
640694
20255
769853
-855712
-219083
872581
-619904
-208105
-402759
63488
592917
-393433
-642625
-887675
506104
806478
44343
671864
-4237
-442878
-890399
-268365
1014
-623683
239678
995264
635499
753864
890569
408225
345292
510397
763443
45781
-501730
-563071
-264683
-383861
-825277
-314699
613465
-997584
70770
-501916
293654
254390
340329
901997
-516658
627011
-553230
602560
168899
447552
-761568
-860055
-833044
353987
692493
-915789
-463999
227779
-808488
774914
-969317
937441
476095
-943781
-87407
155114
-829870
686188
413248
-12979
415410
-437427
-648940
161661
-37612
-963650
228407
-106435
-445210
-631637
-877419
596373
960523
442242
93314
-427853
706691
-453126
-437971
277241
143155
749929
-66727
239186
802131
41622
435411
-443803
277403
847336
210153
122099
141517
-767881
793
621298
335128
-530383
941756
94140
361422
-506473
686954
-469017
820171
128101
-324093
-803543
141943
-911316
687214
-615202
383173
-363002
-798735
371063
368551
799560
-239368
582973
-612426
5455
-79732
782269
-896699
-388800
-934016
-34750
-786468
993756
570317
797003
-875725
127683
573259
-492323
999769
780488
-93407
-388005
-173955
412549
-793866
-404400
32808
-653472
957741
329309
236990
937639
848106
877955
752669
696977
696898
-178592
-810476
-418411
853940
855107
889684
-105533
-621953
51738
341892
785181
-154546
762850
267764
651337
158946
290254
-449108
-145926
421253
235810
727332
-655406
-779395
-25867
-154402
-660595
-15168
668804
-202565
573879
978735
403879
-213125
548336
667099
739428
645731
728390
502085
17795
-65180
327747
71923
853890
917325
-314200
524271
-7326
-788333
415919
-328182
443476
-601269
511395
793007
-653446
-930256
-180452
-211804
141034
-759892
597263
-609245
-16992
-770283
480812
