-247851
734210
-754123
-765443
12870
-835128
132788
-297988
-372467
487997
22292
-848567
115323
420379
326196
-673196
-660965
-466991
-643639
-69473
-174253
-719900
-32584
645515
676331
-454531
-510419
-595096
-810847
959577
-222503
-919398
-825418
-468191
547485
-55829
-606542
850283
-996918
-730269
773405
-228494
382670
-819747
512055
842292
374575
143484
665486
831284
372175
-477011
-808356
668392
747000
-997367
-471757
41944
-627801
-600377
416608
-395525
-302264
540973
232849
-137584
-271094
516357
213230
768741
870353
-138120
634085
-131385
662866
-365472
547681
104277
-599844
836549
194013
459475
647964
931858
-48229
-694412
113479
290541
456635
-889396
972885
145586
-911796
452143
899189
-399924
331009
-944574
-177897
313192
815506
-767135
166561
284051
-721054
-961333
487241
570888
170775
-431712
-671021
305091
-615276
-920107
470599
231922
-249299
-197244
-509148
843021
179807
43809
404486
457837
-83555
-281687
430150
-865335
188967
-626611
-154694
-797130
481830
206427
-179299
848180
-677862
442864
-180982
-822960
303189
728805
-782920
-568699
659343
39913
-932449
-330860
-790951
-390891
-95004
-139329
915138
-897438
174612
894753
264335
-31377
-289933
-513102
-887598
-822015
-248381
588691
-568659
873448
594119
-948382
-621527
-350078
786302
-286301
774194
-849128
-267255
-107191
-193463
-318586
281085
-809209
-547762
574706
-684298
959339
-546153
-531853
-795007
666033
-841621
-319717
804936
-643135
-153855
118648
875727
-924099
637717
-420073
-896566
-755467
496030
123867
-777398
-319574
732914
-793881
-54363
-166761
-894494
-771607
966706
957598
145519
963732
-438192
749087
764700
-297573
-924120
-914327
-826815
-287919
378279
-928561
242906
315738
347774
368055
-225376
82715
-193505
870057
-313193
999290
996867
-736141
687406
36283
-411151
693939
-931804
50328
416093
-182984
-3761
-498390
-926549
-246084
-818268
19600
-714087
-83648
-96110
549690
-685045
-552969
-290139
242156
161415
-317083
326632
-757130
574249
-454887
971131
-828144
830129
904667
-67306
614121
640723
341294
-185866
-190715
-387734
-634785
-689899
132691
-471561
896974
608734
760858
956087
-463613
26260
426541
268254
134688
665936
-72043
583608
211114
47712
338935
979359
10938
-978059
-754488
-657102
-155556
519909
135821
-12673
17268
183068
-781359
739522
-946127
616110
355021
154472
78833
-902677
-669824
965536
-454385
414141
-660286
-2614
963033
-994181
110965
-670262
-491495
-351418
304723
900182
504390
464766
-175437
-614798
-492092
548260
-390947
599877
-364144
-147241
-896501
320771
940065
380151
147728
546435
34023
-496900
96028
728218
-505469
720122
358868
989293
-98322
-473503
-568917
-661306
-227051
-397553
283953
-621642
-148795
82626
151809
-403853
88646
-614520
-451765
274228
138107
-478465
-227233
566991
100903
109114
351874
651858
-719577
-536588
-898494
773757
693778
285288
-991440
-304039
384925
-7868
983718
543231
-736476
-119316
-119959
751170
991941
-552234
137579
-515080
575456
-489582
204179
-811280
-548813
957641
-493297
543719
229788
447357
251724
504628
858289
-226365
-435172
-397179
739989
-46455
-362992
-475588
-876774
-445836
365587
-684712
443090
-944949
603704
551475
-634903
-472756
-517618
-343726
94806
-594007
-724817
-337984
-295042
292074
-993334
-497889
-336152
-131035
554548
-320228
-190827
471958
155161
561317
187037
65468
-76279
806903
216728
-623964
968053
543131
50717
596315
-664703
785474
787483
-58980
-325044
844790
274969
-956470
-704708
741130
-288621
-94074
-7445
-748071
822085
-757996
412297
24764
-831683
778843
-235591
213939
-703593
684922
435951
-685304
372413
-781864
-381261
974484
682675
-731156
-784605
843016
-32334
496081
-914497
-869112
-908852
251751
-534303
394944
-6760
-986167
-48621
-344376
304974
132885
485193
-298870
-689390
610302
742723
-470246
365884
-216629
-407827
194251
258386
489439
-972925
281520
-788414
-212683
87708
-631180
575716
10116
848554
-654241
106849
-28775
-889172
-946147
352786
-987219
412006
-930810
207857
-503820
349357
-200121
542774
-124776
812506
138525
648454
-512585
-277913
-110929
-572042
206027
633738
-382730
-400976
-972562
-639929
136498
-630854
-62511
53147
-907859
857379
709407
293237
-144236
-297342
904488
-566423
157628
-229622
-509874
-863623
738219
82741
-683382
-131569
-46867
334649
998345
495675
915162
-125599
-848588
943296
-967521
-859818
-927439
698158
62451
-571176
-209033
12688
-637838
3531
398076
-39095
237048
-5372
-714267
-28813
-982529
-958316
-423387
-759180
-669580
140405
780400
447465
-756086
-949411
-653614
293763
-439801
-232923
-522694
-623431
-26468
861403
-762566
-373090
256385
902389
-885049
-826295
945690
41019
365389
412138
641318
-720830
-164883
-966137
-77091
754911
924649
-507449
438824
979209
521649
45465
-995828
130896
-826753
327011
442241
668430
181748
789602
-233415
280040
-838671
19101
-347702
-795601
-467230
107770
148211
56423
-79884
-913074
-411408
702068
347208
-458233
963485
883472
772823
-76685
918530
840704
763239
-450336
-102649
168225
-725560
350234
358405
-707463
716958
-26071
329250
-445540
133106
653316
137886
-902640
-532141
-427172
170427
898291
109755
442679
-261373
331631
214390
414455
-326135
-362716
813950
-593255
-66887
-135798
-532527
-566375
-237961
-270227
729198
-940494
-648427
-41267
721954
720382
-413993
208099
520091
-193594
316370
-262211
-89127
-205725
678663
-60926
43187
-904216
231085
62304
797541
-42542
690949
386120
-387902
-102460
500996
-264597
-777662
930203
-106823
-580349
-510492
556216
-346140
333063
174379
-173521
33050
-218050
-78002
-365112
284320
-524489
987420
-2598
-508957
630676
708502
907398
-627273
28756
-627997
261971
-617543
-939445
525485
-675201
-349222
-635343
628449
-887781
-472565
45867
-914757
-481514
-236076
398168
383872
-90530
-908350
-423454
-746498
173211
-550255
-128190
-4998
-395244
-141077
430522
-904118
-937809
-276683
-158196
531180
-309540
-711377
-877539
127762
174409
925848
-743850
939106
618841
-94888
-142782
35907
-946900
-342291
73180
277249
-383463
-882339
79402
-88720
-325821
-432773
-920760
39876
318030
-480391
824089
651585
-45659
368922
991155
27656
-272803
563488
740479
-611050
592244
-865709
-791833
-603775
-714969
-260627
-55442
-274369
737289
-78992
-631419
880764
76562
945180
588170
-352065
-941386
-913620
-37860
-727133
638832
412230
635013
-25869
-616089
451841
191443
-885778
-737088
-330613
-574861
819050
606178
949044
-947985
871480
158034
373532
-191994
675865
-799857
-395417
640634
-625534
544349
-925267
845696
-944473
780626
153610
-951973
-267569
-754109
-22627
-183833
-763535
675288
189042
-49747
-715167
851295
116869
-644096
413798
692078
-543303
693724
26020
967473
730845
-312790
-459854
242682
402779
-297197
423131
-876458
-665567
510496
128531
-67461
-522267
-21260
159512
122404
-556018
431133
-924860
-229589
344568
990232
-15751
414530
80682
436631
-265658
742848
-423079
-538658
317780
-805223
344764
147087
-722951
-369258
-96160
256726
976931
73584
381958
960723
992735
331505
667086
-745920
527604
876560
66067
-490565
-45850
-754199
-214232
524389
-424581
-986764
103983
-697734
-495460
767945
577363
355631
769149
-737101
597958
-194371
524022
373291
997091
-110548
-85708
-647095
-51655
-283242
324037
415042
159319
-451656
-132911
947236
-179469
-944899
830346
229636
367333
437050
573111
-998720
275841
-624907
-204248
565728
875867
-81483
758121
-540699
-491592
-383052
-262009
154993
128491
-255057
294063
405366
458986
-912468
-522232
-156167
-131637
-525642
