-858357
653479
892239
-740876
-210874
55571
815542
-842747
-550531
-61592
-705737
580356
-928065
24029
869676
-281048
548841
55136
358075
-867725
63941
-157135
-894780
-205333
-496464
776300
423827
-486675
-688730
289241
390293
-72183
600710
-526187
-175073
894219
-497011
209705
809964
-319807
67457
338062
7389
801938
-634813
471785
-262127
640530
234714
434422
434202
-704253
650807
930050
-373133
344769
-600225
682511
949795
839126
-768283
313141
-599668
-283202
843854
365982
-12013
-45450
-760071
829170
688215
-719038
-195126
-522577
-910101
-18211
-560174
-114305
589789
39071
-687688
-331102
35593
-107342
299732
858048
712651
-911665
-186799
551887
-638236
-411164
733583
-583429
-897836
282904
-298376
-499624
-316143
-284089
-932463
328021
-688329
-786695
432672
360094
967295
18520
955017
599390
-826456
-240434
380117
167841
501573
23638
-426172
511015
732954
-336418
-826792
595807
839353
174751
827084
877180
-432145
229615
-927502
-156121
635832
-513406
-102802
-899038
855371
-345569
903263
735762
922984
-85088
-774408
-165481
-592020
945510
456539
-281194
-503190
-955435
847625
-803493
-195725
-260247
626978
-649406
-652999
-366600
-333429
-904162
-4189
-296858
390098
-708759
206254
917966
-118178
14420
928987
-76785
-936311
113846
-311985
564694
514314
-755590
-285444
-649731
32174
394778
55809
-669494
-627210
966023
489925
-831588
-326905
234236
147719
-617157
54467
-217688
912877
-30579
-509652
755997
115071
516443
231272
-703813
-890999
688661
458053
-430163
668290
-714856
-202691
-679361
626724
-484254
935890
-196380
-82759
756745
175953
-805139
-903668
-482046
-411897
-159281
353583
941474
757889
620802
-279589
-456932
138083
733372
-112765
387897
128580
-287204
307227
-335550
-861213
-227248
-125036
925666
-757791
577653
-3581
930388
328374
195269
-323789
899353
-998492
429514
988413
81445
994687
-72328
-612426
-817443
498034
459558
-545695
706406
57398
240966
-562100
-233397
759295
-615922
556199
312194
504055
-774887
-531037
309253
-629040
536639
748898
392712
-76761
379337
-908157
-330908
-273073
-381015
-510301
222345
-282291
305945
571862
-657949
291020
946175
-253857
860245
869449
771153
150918
-156481
-382425
810376
-513644
-723499
691632
-967554
-560108
-341657
-105072
305234
859514
-499128
-506595
403938
-243575
-284949
-61650
-963959
989229
270366
875136
-902540
-571575
795585
868428
-456194
110363
-184035
-111256
702715
90398
-909226
330865
239004
85207
-894480
-964248
261407
-336057
-703864
34312
-875947
-430006
629315
-564980
122554
389218
-593197
-563735
-572239
793322
-305443
-686855
-706936
548765
-667713
468024
940739
770913
355288
226425
-717635
433755
922890
622859
438525
-284877
917875
52286
406685
548554
447425
788698
-429822
281069
434934
-218992
464513
-754440
724999
775940
471660
787429
-537983
-738381
-691840
-792731
453805
465401
650777
775997
115461
195164
-465921
871946
-229582
-545562
-809796
602040
-487028
-699287
248229
-6867
-536755
-123486
-261739
-271708
-531498
41758
751278
-640809
785898
-619710
-546364
-725380
604512
-698069
-625283
602077
876169
785331
-569657
-2881
-763581
174413
-602575
-930424
-152586
600830
-361451
-226996
57047
347593
-538430
-685741
874501
433018
455974
947971
-465004
-201501
360602
711024
970674
-146548
360102
429903
226435
-52140
-529391
-167766
-322635
-673629
-809392
-60406
-273216
-847652
478282
-991457
200031
-611797
-893166
790899
789308
-146972
-620448
613712
-173424
895282
-808253
232364
-468244
-288057
-351818
348083
-549767
905119
912938
753823
-752747
346208
-948378
-436569
-870386
-402085
-496673
-294910
303712
-19040
7710
-995756
-779568
610150
-105989
286909
-616183
829976
154478
503953
-65210
-638934
925905
161022
461907
540054
313128
775342
-597935
-548850
299715
-240090
-537957
-472888
-695487
731281
452688
800339
-723477
792730
788096
-443660
43813
-110620
-775001
-791120
-835567
-332514
-870568
14890
87690
-813506
-969396
-350396
990215
-306542
-912182
-132297
810965
597613
-951428
928184
-595516
244882
540354
-73162
884366
781586
-477434
282662
-235206
-709011
726267
-618685
40713
-361104
-11435
-980483
-413318
-52812
-214309
948928
-619398
252766
-902755
-517448
-777891
290065
-458348
-438209
972859
921279
366996
676636
-318319
-315033
-689195
-205097
247411
825003
-583199
-809056
-182804
-152070
-729843
272039
-800924
683102
372391
-99028
-162989
-885938
-429610
400916
247259
-622687
279079
-749189
462812
188212
986424
334460
-962779
-131080
-209701
-782915
41629
-679695
-82592
-594710
281587
-553411
-418249
355224
-888838
828533
-762332
-927279
812034
229129
-250899
132508
362346
-943837
181992
243371
563135
-892327
960395
290894
-884447
-32597
-514291
-124538
920015
-510361
617534
201292
-415127
956969
-327062
-961425
-631676
182932
-377831
-406909
-219575
-211747
224029
887510
54693
-954494
-842782
-750876
-138903
-187784
-912472
920299
725583
-623389
945530
-527486
979090
695895
207090
85869
-844025
-14207
-129425
860995
-164146
-48005
183498
-594315
-717178
-699774
415570
-623960
-426483
715592
-554901
-737005
-962620
810096
-74141
-357413
-704445
-492550
-126316
-760969
-580027
-163718
142164
-272565
-587518
460726
-183063
138512
-944880
142480
519160
-969927
226451
-220983
-464040
639127
-743388
879707
-587008
417296
-592458
-773422
480215
-428809
-641871
636323
460487
834836
-254711
-234720
-721142
256490
-333960
-784676
71902
478164
20290
-275725
356004
556653
-284363
591154
890628
791175
926103
-886122
424262
-950983
955676
344879
-284367
-141469
-772425
85628
532859
806043
32951
834846
962139
-918071
425943
-960648
-224094
863363
-259402
57890
-198036
-86707
741926
-295344
392469
569828
929049
-432849
943300
831505
394761
-297272
910230
114496
776130
-131623
722268
726273
-200468
451282
426395
-675450
-92584
-360696
536316
726073
-285457
-633327
-282584
-157091
882596
-518898
-435889
-156652
718290
830458
-950607
-37801
332270
-429308
793584
913553
688636
440276
204242
-796231
-552534
-225837
-570731
667576
424690
202028
-234307
-714246
445275
-159782
417074
514123
-559407
-912743
296745
-685576
932540
91943
735174
-907953
527087
-665044
403017
-126730
498281
-119849
-933166
-492509
484149
766097
759788
-160305
858050
-295546
416958
739308
871453
-912423
338204
579149
797577
-774728
-76636
-161365
-737064
-6115
588449
-102154
721814
-700129
347540
416204
-623069
-598629
915331
-202818
645315
-685588
452973
526947
433901
564302
-198915
282171
-540439
-13608
893729
-116039
694607
-118288
-772358
-436705
-229224
-307210
63621
-916543
-451552
969966
-838261
-79232
319719
-622208
41114
349643
517066
-891718
891945
-447207
-523008
-158254
695698
409402
925596
-592589
-394709
-2641
-791855
-223339
-365725
-911353
643234
228499
-795226
636140
293825
641455
464054
-106793
-21961
56784
909315
465330
701088
-135599
-572191
-785490
-288809
-755990
-983713
838611
230677
49738
964544
-969797
902051
924132
-508095
438775
-602451
-679497
-125432
951171
121450
-579131
-45997
756531
-104523
-460655
-721681
-774750
689155
595206
-366290
-362601
25412
180665
-648038
855854
-765282
-885139
-63747
170359
-833666
368822
-924428
-639682
884307
700947
571814
948
117478
479438
-360907
-729064
-19266
971358
158926
-209843
-842858
-38777
578449
668040
249637
107957
264002
-484390
717104
496835
-712339
-847025
246352
107830
257958
547956
-501159
608164
726180
187554
-701391
506969
660578
-223464
179794
-70748
481268
-960600
-872872
918766
426020
530274
268644
4894
60716
10645
-988576
652152
-978404
