-845545
99295
823547
-302217
-832188
262045
-491084
273412
25242
-725894
-811426
737104
-259680
-353104
-657279
704034
-246012
884863
665265
-751972
665968
82210
-353674
539527
300257
264221
803046
423107
949337
-281776
-173143
-833570
580360
359133
-563344
-717500
-913432
165630
554702
319291
976225
-192241
-433299
-915715
-803283
-942282
-511289
173931
-613565
-397441
44778
985437
-638062
654717
953743
950230
253497
-944589
893818
-500976
-154170
-792819
421489
624492
-993979
-192343
233646
-504822
249937
943129
-433831
-571706
702721
131889
-981256
-744549
385279
-455396
496244
-203037
973560
-211406
-557705
957861
-532621
732341
-78271
-414045
-919700
840725
-309980
670517
879284
-966535
-104264
221903
-395016
-441107
-99272
-165874
237335
-704530
-628935
-538330
-96015
-22740
-292858
55270
200756
517789
-639329
-183383
-35363
890703
-894495
-164442
602403
754887
85665
-230580
-202590
-337623
317327
541861
-921758
-800504
-874850
214447
794319
521938
-467245
-607066
-372995
-176302
529178
943813
854491
522862
134497
-713149
-888367
861330
205691
561496
-381928
-992081
882549
-223891
636811
-401323
429480
996801
844953
874069
811428
148117
351436
57407
-57904
46548
-788886
229251
-883627
-773175
606112
741681
346382
582243
143489
-444460
-21752
-695430
-499026
-633694
106283
-723749
464186
-533203
401211
290750
-741645
-446762
-263499
730740
389298
-530094
-592706
-426014
504886
692195
890866
-509443
-208695
-168891
554257
132933
388158
418474
326322
81678
673941
-362924
-248668
-544271
456023
969357
140195
909698
-152434
684178
619923
449171
578234
-664840
-161651
820498
-57083
735214
-696150
-945824
869046
370339
-176322
339759
81988
392431
-546172
-146927
246041
18399
-238076
157205
943128
684347
-598700
72504
733394
-657675
565738
-670954
-809278
120364
366659
934592
-489070
431203
876903
743927
448707
-760614
-315518
636890
612401
880138
-452855
471677
-906293
-981478
-676878
816204
-231449
-904727
113223
-399646
-805664
-694369
-509277
-591258
298868
-277241
705841
-702154
-997824
971213
-404074
-185707
533035
-4685
806817
893635
-528475
785499
-525337
-355169
699461
159887
-737799
914378
328801
-755578
975386
404941
-749589
-562284
123332
-892084
-427172
812659
81434
814071
-729228
74958
270217
189841
221932
-519086
-905115
745060
898751
-28146
-923971
440731
-680938
-564901
852693
123811
-420435
185408
860881
210908
847495
-527534
140027
7809
43193
-493685
116030
-70892
162088
-487809
416828
-272305
961406
901012
124217
-104943
226589
257910
616969
540280
357692
-332980
-129167
-309087
-315480
952732
-308838
-255750
446366
538558
-875577
-213312
-867243
385407
-245556
393918
-539534
-671122
378409
-272723
627665
851635
809544
-817203
667465
822273
151180
-607060
481863
-319082
-690633
-313548
-85220
-191785
-917884
673788
63134
208031
-692398
-420003
-356074
218393
-211957
-416089
-111350
470811
-121497
-357233
999169
31881
-204381
354928
-418946
9723
594578
-19303
403276
930114
-561939
-898319
-701837
906491
-14259
53900
-209978
-472173
-542237
501822
63979
929033
854818
-281686
582290
-62262
468471
258686
-50462
582925
370565
93199
-240213
-453056
-495863
834925
-508766
-957901
388888
-265370
137396
597668
-998126
884099
-202632
-554493
-192802
709420
-450552
-14111
-287277
-892066
706494
508791
79866
494386
-327129
-266784
545977
-552203
-399012
-852709
-549850
959990
846429
-85385
-132753
-411148
-377187
400504
-218267
34356
450922
33282
-522527
570860
452659
902519
-477021
586595
64384
-299823
-340756
180337
-126895
609202
199127
952188
-983205
-539290
-90661
-705824
647757
-622312
529401
-728491
653688
937415
944355
-660157
-968652
867412
-374835
880821
-698160
320973
749670
115184
166665
-148986
885277
666059
-537551
213919
910633
409496
861174
-161842
317072
667553
-320248
369600
256631
-948655
466072
-496305
748103
763717
807372
711726
-202936
68453
-879827
-862176
980849
296242
-726035
494992
525213
650470
399534
870305
-757963
-463183
10506
644349
-247741
813511
563964
-739503
160449
337140
721716
-810076
-985749
-337007
900703
-171645
469670
-46745
766403
-379090
129072
140606
306614
-317674
-210799
-629426
927026
-396960
965091
-281064
937553
-415668
-651940
469325
989279
357558
-757480
-181637
753330
-535364
288086
-417147
-488781
-818781
504794
-892296
-250345
-143071
-532584
531882
682957
274245
-341433
-324231
990548
-615071
-177415
907031
884506
-247140
-858563
284687
-335
75233
120237
843871
-234692
961959
-511969
-746763
175793
-305132
-303281
-398658
-662477
959629
-811660
-696734
312822
832056
125690
-915115
246450
-660055
722810
240153
-927490
17279
-930585
-850826
469377
973965
-463843
-774381
509042
118445
265158
584861
662041
-341354
602270
-445712
-556506
-823028
-657249
575703
571095
-173254
-351377
531113
-528101
-121229
-706213
-873495
-325097
-273982
515042
-571921
-975192
721095
-766468
133133
-31466
355180
865157
-732746
-636739
700517
446034
-479111
367340
-58012
862294
68920
298019
812171
216714
479068
563200
106963
-727759
-625208
972904
174720
-300638
155456
310970
-882244
-811831
-421131
973897
-917365
-683214
-281300
369355
431547
-492381
-380664
712564
-237493
-523982
178784
-787796
-215652
-875562
832910
944654
697681
75370
-821409
638626
551532
204572
-703064
-677324
724585
-254476
-643650
-814026
333499
-378100
-188127
-337946
-990500
-465977
256555
854392
510362
888485
-703599
-330025
326456
-787375
-657788
-22213
-301729
-530243
-70262
-950161
-498807
575757
-758484
-41592
-635490
267443
887781
108922
414201
833481
-216834
-833340
-846797
-754766
-762159
484072
574549
954291
364438
371939
873465
-837868
-854042
654821
153980
963509
-575046
-511125
-463815
-340815
166592
-273294
422362
-307746
-657353
416025
-511147
895209
-849846
805052
663096
575010
768010
-524308
-32078
7669
342438
432417
375179
-362561
-897741
496485
748805
-116415
-530671
163389
-91675
-52100
-6924
-809107
-370039
708551
605107
-738024
165045
254356
25290
-378320
-360098
387121
-91123
864445
57612
787490
-492537
926947
-6750
-100875
895628
-779446
-982435
396320
-138222
119819
-285552
251521
-171300
-361045
-553230
501375
213378
584795
616047
-209346
514508
948419
567798
-688398
482708
534583
-525741
-931259
150740
-372897
505257
258473
964962
597981
-774711
-946235
116898
789513
-188204
-277205
-60059
-580457
-830657
-853968
-591334
621377
177161
-870346
712080
40574
415849
129704
-425670
514978
-571008
494613
-339031
154924
974858
529344
20058
836528
-752360
345784
-766957
-105029
-722550
678979
-157630
173284
780022
243768
358545
892055
715939
351646
688228
-795935
817981
-909850
426977
-121621
-846864
-167665
-523250
-135861
697501
938224
-903326
839803
-286670
-885812
-376066
267096
792953
-165227
465698
-22510
26080
548987
-986898
393611
365930
-753927
774412
-670000
-451290
-619819
-264555
-246076
974774
950383
484566
831766
512234
-486176
412027
413201
-411598
-25475
-980038
193150
-106438
604792
378504
-348423
-136823
-896174
12259
341469
59857
-629065
-26780
-733184
-968528
-518070
559018
-872457
889654
427147
963177
-329653
89978
891129
-763858
-982017
-946679
-708758
-712224
441891
-349081
-829104
-625252
-772452
-241340
878098
624181
615888
877215
890041
-384405
348746
-383694
-956156
-358629
-197526
-572972
815451
-852377
533823
-283128
97547
24950
230971
83879
468778
-34125
-953587
-468715
-727467
-883331
-56371
901989
-519541
-618369
990436
639313
80691
-592490
583612
-592747
-251310
421888
-1863
700649
-953268
898508
