-275298
447264
569542
19368
-111656
382957
-499777
549650
-585202
-358385
490118
-952869
-784768
-841412
586442
702479
891361
591343
-438294
-488457
425836
-180132
271747
-167609
-301576
978629
257242
-525479
-599176
-550175
-953997
74148
15177
424447
-686690
-864164
320220
239854
956572
-213
861949
651338
-321061
-952204
-528115
-337999
294286
965604
377504
-764051
449940
-218641
-256942
-153422
82641
-159265
774395
529558
191785
278388
-299706
473367
322573
-104101
747560
796086
424599
-336629
578239
388864
-195056
745152
195938
-301230
680800
-251803
120909
614748
135154
781750
823128
590231
-669787
-374886
-405314
-312715
547126
592037
-725265
-76461
730241
224400
410043
679239
63203
201758
-85086
-402057
-588329
276499
-771092
691616
-46389
-302270
61148
-498907
183901
597440
-919795
213885
341582
-180955
682957
671965
77030
680425
575810
-631126
-446915
-824253
-389638
-325285
822947
82379
-218112
-237704
440277
611963
236437
-75209
115434
723768
80137
8057
-928888
-359841
-403410
-511040
723097
-567041
168194
-885186
659028
106787
828635
679965
-385155
450168
-131339
-119086
-495499
549858
-771652
-383373
-269215
-628039
-898115
-457918
521396
194344
-821531
-387662
474389
885222
734913
-49620
-574470
-270837
633368
-64212
-713884
-448327
-380354
46369
-812829
-6035
-466516
-609322
17488
-687321
-425404
494987
-106508
-284445
-474847
904515
-501807
702878
-501684
462880
-810462
-563209
65709
-569513
-76789
4998
915982
-215582
-964512
672657
-459218
-171678
954072
229466
-769887
-805799
-785185
-369396
578820
857683
800308
746212
-586992
492008
-633908
-786656
-460682
824407
461545
271527
-282652
8011
-459005
-323964
-602927
-920642
737947
655599
934879
-480115
117240
384204
553708
-308531
59601
-436683
-509127
-706022
-681097
-356760
592004
-218062
-59599
113963
852619
383442
-904104
381578
293225
642212
490862
32325
659508
-121126
654279
166719
-879361
-293975
-641123
-128936
-115111
270491
-290248
-349556
-596879
-544552
-515025
-970947
-584988
615641
-185171
-989873
299731
457697
903961
386437
-474714
-319799
501658
-507551
-645789
-228127
-76391
-200414
48018
-330569
-701499
-605625
-132706
-877804
225325
216176
640022
-405028
793164
-266539
626593
275038
244203
846302
-402841
482118
-568634
-416631
-192718
-533029
-360474
-747798
-536594
-667842
-842956
-475712
906488
-219088
772698
678236
909000
-833130
495287
392856
-698744
-510847
758043
-830654
933064
-301006
-575744
-302293
246120
-168205
239455
726253
-554729
99597
-573670
686133
-576795
418803
-567888
-908949
297546
-694014
-127725
-737678
950273
207187
-69276
384346
254257
308689
-811055
-313926
33700
774281
-488474
-758596
293757
-842852
675230
239123
872914
888804
13124
-973870
-694410
-208465
649604
674816
583480
263988
960157
-794261
-839463
-714631
515239
266793
928480
678315
-10720
-134432
-673969
-440512
-582382
488879
541974
-870711
109346
936605
158775
253670
-630507
283376
-88229
-481978
-988129
517201
-697093
-702421
168344
340749
437741
-615301
165276
-26935
387437
-335099
-86393
37629
-970566
-259707
-579077
-783205
-852127
-574380
291675
660650
246407
-123756
-832655
83848
-543709
281254
156046
264791
191220
220623
375107
-892102
-398148
798540
-454416
320438
96922
409325
904621
659764
404334
-674237
-576792
-278967
-211445
-841148
-983911
-478065
-875483
786204
675538
879694
518022
561472
-668889
-191919
-799085
-690358
-891359
880278
20053
-320927
-657706
-215174
-458277
768926
964435
-359258
360861
-198959
411118
471093
-768413
244869
-461398
-574564
548826
-382755
359429
-186289
-785419
188276
373641
581065
-737803
-142528
777874
956887
823301
-306981
-250294
-757581
581204
409016
-698600
222158
901510
8462
-599824
550492
189196
976680
-618259
884964
81569
-923697
-28059
-759188
443973
-189107
527994
-65634
-525095
997718
301174
-961686
-357154
-311071
-832121
566601
408548
-7143
-269575
-225751
-601697
-961501
-591697
177472
-513013
-578670
957312
914318
405023
477750
-656579
-822773
-632630
593121
-728849
908114
-836553
369161
-939168
-918223
43420
-950093
-804656
309387
989868
371505
602219
-652982
512522
-977024
-674140
-981634
601480
970797
836445
-438167
-184230
209786
-745250
-845635
597946
947532
576931
-867874
-44283
627093
-276888
-413303
-181553
-561556
118766
593120
-419234
190949
-544950
-674151
507202
-139722
-698694
-588977
-368007
-559158
581110
437958
418585
-778528
-79148
405394
485675
521406
651177
-503280
806978
-798167
-930996
-271937
-666660
206352
-67993
-18302
-14768
464581
180332
-5642
-591489
-175983
322015
-433134
-165990
119007
-91025
52487
294646
932143
861288
261954
442915
-532243
-987632
-15669
-282411
292747
-131232
193895
-949750
371713
-513763
14317
-371519
-159764
29768
354113
-811335
-208013
149621
-364487
352175
130981
727101
883429
804381
-557227
348031
-207223
866765
-862385
-306559
58502
7397
-258752
-860315
-583547
-598783
-211984
430202
734405
-911227
870251
-87514
987973
-736965
-860313
305790
12099
-109504
-17949
338748
838747
15398
-284753
524024
-959442
276059
-522676
977514
-71832
-376851
-484716
-175063
602044
382603
158297
-108506
-439309
-276741
-590414
204266
62574
-141654
-608801
969441
-546361
89726
297028
-464623
824817
-360801
-269503
-315141
-399592
-304013
-598270
838310
-891647
60887
-44073
754614
-917702
640418
-221823
-850579
811827
-814714
-190382
-519526
50855
238268
-59609
526990
189651
-465523
-622800
-930277
501348
381015
-964208
275486
643481
-200057
730008
-661463
-786816
351235
-218880
301639
-610847
891812
-54436
-457311
-968487
-836899
-475268
797640
-342288
-934427
-282091
-521734
234036
-989400
508241
18016
-35240
690004
-606033
-201758
-730493
34250
-630401
-408291
-182582
736894
-409984
-98373
-680409
-839937
943102
-374799
787794
-545755
871325
597254
-933997
-601945
849859
-614325
860855
-811451
-275395
238693
-216159
714355
-852419
-607692
-374597
305096
-53477
853150
305607
-256910
534561
-582470
106183
841443
-216998
428763
-203567
35432
283941
97580
163704
750041
-481382
987978
629925
-408820
875729
-293427
957921
956697
-133304
29216
836097
-582534
-337988
-112066
823784
-559023
-134902
-332873
-930479
-208030
472379
-349522
-737870
-408465
877328
-863320
746036
599128
-463065
14313
-340435
-76490
640533
519423
-342144
-290543
-686915
305452
-70451
963193
-135182
83727
349880
-988647
946431
-690219
555820
772170
517430
411323
668446
957978
-530689
-103142
251207
898644
264422
-438238
48785
952949
-704733
150071
339016
-605146
617609
-567566
532235
-837400
-994142
-756654
328681
866895
-583338
-195265
-432461
92366
-613264
-835021
-51131
-692280
304310
499710
-640041
-301353
442205
-639086
-107890
-833674
-617400
942847
-46235
663345
-941685
792166
-700219
-719816
-287643
992033
-571757
561619
-100473
-341860
419887
302027
-765350
510288
-40393
989831
558414
573304
964592
354667
969285
-574932
473992
175357
338893
500140
-75379
-112828
-535685
44375
928831
51229
-526496
-984539
185011
140717
513914
-686185
-3699
56060
-455083
188485
-340683
-353792
44652
-105577
199944
-786666
-169457
50869
-791898
824901
761120
730138
121905
-707201
41954
-926903
847294
-96235
-732377
-586298
372228
-125202
-611094
691333
-87851
-645484
99824
973133
186822
-120512
865078
460425
216272
-987432
-519328
320761
-536469
-780937
727617
676696
-402720
-396027
-293603
-968024
-179292
-819622
-930814
226433
430280
-749188
628921
-758086
81534
781026
802405
344183
709370
126304
-523701
-187299
104555
-913290
625320
-503535
194859
278897
402761
-63480
-455665
-485852
342883
364599
232065
-2343
-542210
-588742
45037
-750519
628390
-932283
449323
549362
-400314
877478
511770
-967548
917676
-893031
-413182
104407
-387100
566629
342018
-281846
209368
-842059
-84590
-158748
317648
98615
188240
-629395
-411289
-305455
-671528
906624
741677
-864007
803229
864079
-302885
-689913
-356370
-405027
623038
-405440
364027
697148
-159180
507169
617765
435779
678973
-253080
-191789
-186076
-955242
173566
-551452
840833
313091
-321958
-699409
-953927
926856
-781033
-36412
30251
-175489
125508
-669347
482127
-966421
99790
-909694
306946
-479215
327527
518124
868291
948233
98647
-962268
-133232
-543820
-914083
-804542
611973
565424
-414252
527868
-474621
-355892
321116
-420264
-505314
-699208
-503071
-984173
-978036
657953
384629
-66847
-163346
-732294
-583697
766707
-547886
-123487
164594
34969
-908675
42567
727642
-58370
-150863
455059
933023
-358911
-527807
-973019
223512
836624
327813
-291179
881362
895927
849152
283561
-393164
-292123
-103285
329393
-9129
-489958
-459483
874318
391582
-729802
-228222
-47591
-674624
453723
-337683
-812499
504353
-295610
273952
-538988
-41363
104983
833113
623882
-272675
256324
-699167
-884461
256784
866653
905023
-141722
353270
945013
968929
-109736
-229550
262982
724985
149835
-664270
661109
-35335
-676571
779296
336381
442025
551440
-596853
-862676
306362
341021
-892490
-327267
21369
573494
-125393
404665
80091
196902
-156500
500754
75693
296266
562651
-954559
-470673
-732877
-690810
136709
948835
329100
-486329
-263870
878468
835963
213687
-328002
-677270
-887234
-250657
61445
-154316
343356
-278039
-571872
644263
705266
-287333
-876952
122127
-383448
-656220
629641
249019
-914662
-365928
790470
-699601
745802
-658562
222281
422062
-429169
-83737
-59542
-665851
2129
-747331
894760
-931794
-241605
283852
-269524
-124585
-635061
-589060
-897428
485743
-67567
-779177
-605230
-208417
-8078
-7235
261901
557295
412102
356378
414077
970788
70314
-519506
649066
797856
4066
-26235
-501770
-687012
46490
994455
-588190
-46665
-894706
-394400
-630941
-69086
-1876
271869
-455735
4719
980964
-763204
-579970
998927
-943593
-255358
620478
86834
35575
49850
337796
-874235
195359
957111
616189
323281
88242
881121
-644732
185005
38418
779562
878304
-136402
448663
768561
576350
430652
-23173
-450941
379869
-616685
475214
-588603
543671
890685
-252573
-333038
-537100
369594
-915233
194673
-750720
757428
449325
-186445
335025
733971
-888673
825363
536693
140430
375474
263153
854582
-747613
-980321
915295
374308
-596001
471574
-949792
-797169
11967
-99226
466977
871539
884112
-432857
117565
-458745
510680
-708863
964041
966843
554864
-133317
-300768
-984884
-869314
-203064
2808
109151
751495
86252
7996
-126387
-684137
-900015
9224
685001
-351819
138435
729119
-481899
-142805
329664
-813374
488986
5544
-808867
543304
-105806
-732267
904329
417126
218371
-201780
240437
-615586
-205480
-314855
256784
661606
-969345
883980
805594
-180087
461542
533988
-592290
513204
247359
-459921
-612649
-72065
-495871
966325
-308889
849068
297697
877922
518033
634580
-754498
387411
285197
-210892
86405
26733
955707
-909222
-601405
-278704
-551815
87509
-107528
674071
-112620
-714126
213874
-440286
56204
-597700
-605496
-830203
29252
-854080
-589265
173668
153184
-759866
207823
-43704
407569
-281140
975456
105351
-704029
962923
-96324
-356326
839191
935291
-129473
-613822
756356
863677
291293
-979835
-680471
674575
-289846
131484
146008
520502
67492
750724
-533988
520725
904251
353036
657334
479661
833804
492154
-857883
469637
-851005
-920351
472672
876331
343078
642286
775878
-906394
-204480
477131
433303
164224
-185364
-597749
-354580
-819059
-564166
726648
-543044
323377
110608
54173
-804722
541470
-194583
336921
455235
736746
646584
311600
-345226
774849
932163
372800
879239
778985
925663
-24285
787144
-559266
640825
-862870
674040
71271
-661522
-894791
709093
755988
-46161
79744
-764000
404777
116404
576686
302347
524515
553790
798997
-470865
755995
-901621
-257207
185448
-640561
308310
10866
-57215
-744299
-786352
133269
929830
910143
220819
508978
173496
115530
-715300
-663098
532632
125416
450658
723464
978308
474869
770003
836986
253883
236128
292695
-963069
-99410
465004
-774810
784627
693784
-67741
-405911
-278866
-841743
-666879
215607
299583
-479093
380428
344016
844509
-797217
-271230
352571
17861
-879183
-383480
-839854
530353
-27403
-677545
6186
270292
-633946
79285
-887478
-514643
230917
44752
848273
507389
557327
873875
-600783
-376723
786629
233622
314229
-466948
-557807
530176
391288
545728
-690887
-494694
-161106
-881149
-830861
722219
-18023
-971508
835431
-797659
-692368
-808833
-170233
917354
-960281
426657
218228
-375025
941842
-610186
-18171
521778
-204365
-219594
179922
-235956
-656353
633336
220077
-844942
-955591
806341
-145030
65401
369739
128860
424390
307189
-540831
65499
219020
-101117
567185
-438288
886985
-538430
887735
310630
-56989
-199770
441805
390872
536205
565996
-262085
-240504
-961743
138408
-983916
-97847
-773362
786428
-892049
-662442
-861742
-704148
337052
175448
122431
-386543
229775
-478827
-944216
300558
-195858
878774
820452
-81346
438132
736647
213507
327221
-727885
388984
-842125
22947
-105686
-420092
-112915
-758588
-912562
-574320
554127
451394
-644216
-352601
-312323
968204
-535928
-529808
-491574
-584081
686520
-659313
-342238
564649
-104469
778612
-130796
691074
913394
516773
-452071
-499581
360882
-271973
115348
49330
633098
805615
-841484
872912
947247
769679
-764343
286686
758006
-236394
-312001
-867367
-279160
374953
-759178
701817
-874131
877119
-348047
212276
588412
-490995
-229607
929194
258820
-681025
130743
159407
828684
578976
349487
670577
-672446
912484
-953353
354006
458160
-763426
-123194
616050
112570
903100
-488322
-488214
-989948
642945
465581
-79013
-396671
-525145
883267
884399
-97342
-127312
70194
392116
-368914
411702
-573666
548821
916595
-683317
-620130
-305081
218486
-760490
-453198
695513
396206
479128
-248474
854341
743064
779571
35196
536172
-514434
-582604
-231685
453416
731801
-93277
996508
712799
574090
-184185
-921419
-740686
323646
-173486
805978
-494948
-468637
-496707
-231174
-1750
225143
282589
214066
-72129
335478
-999673
-676389
-553371
-515848
-946299
-983953
-527562
-439531
-520070
-475785
377165
26012
341542
569827
243901
171173
855279
-794149
-195048
-999867
-788342
734731
-484679
749362
-372439
-752438
828634
649132
684426
621949
744714
-546221
826572
-304974
620079
-705997
-742989
590087
866938
604299
-775514
-713597
264822
480726
285300
716330
452190
-150389
471560
549355
247735
-312068
164669
-757336
-701164
365093
-648612
-441104
748285
748571
-400588
495811
840954
61385
-263166
-556335
108549
893915
-264540
-359619
4474
-311973
901342
-255779
-411607
-22361
-271392
338382
660044
-98156
-462838
936781
503435
-624257
-663726
-450157
148077
-956491
625531
-496176
-103029
420363
271784
424516
217211
914914
926655
11697
401347
-468399
105120
-82271
937676
602750
639911
-204079
-945221
-50177
908024
112395
811032
-203856
-946192
-799739
394639
-13756
-118278
-551967
-69473
921903
945092
-730273
617078
-187641
361114
-160833
790156
-783107
-975075
926220
-52884
805720
289565
756601
-331644
-249825
723500
364304
-788697
936267
261497
321667
-554321
20020
-553276
-57604
-839943
-565406
712168
659859
103797
91887
-360967
-587689
510136
-637132
-668033
-312333
617823
350090
764150
636329
480777
79092
-923937
-406449
404748
-373779
-621070
448613
7932
402228
-863149
-595057
356094
659641
679606
787222
-508260
640606
709389
978025
36893
53036
-373868
-814842
-492717
492713
-773292
367639
-751072
-97233
198482
515710
529454
-457015
741357
-606884
390490
883968
816398
70281
574013
783704
-807628
430317
-673913
465870
-963874
-838774
-934535
-748847
314782
621342
191108
329216
-971574
201504
-962252
-987944
-218122
-944451
-548153
818885
920061
-578601
992752
340194
-734628
-80064
-582889
-807415
997120
-922444
-827090
971945
-833387
-865383
281344
478734
839573
478558
615127
822830
-189736
44740
105833
-36353
-910843
-913432
-467445
628484
135522
-345793
955664
-476070
-604244
460702
758045
935012
-520102
-477721
792005
-64833
-383929
-83994
-252235
684821
-221435
-919528
920774
389092
-906444
853396
-25057
-818400
-719631
-239210
682234
13538
-20859
-822247
407069
194918
-340840
143360
818927
844590
-147558
775837
540866
602378
-506500
10133
-716525
256963
940428
-686852
878824
-657552
575659
-645390
-541536
-685983
-502526
519202
-976598
102660
567353
147819
476553
638538
-83684
38661
-364640
231938
996357
-614432
-801737
-906636
-934970
953699
-224441
619187
168075
-521205
917465
857930
366319
584158
-324180
-659541
684655
-637104
-331885
-850630
-449798
662935
777782
-370593
58876
101414
625551
37950
-895734
-882487
229450
936068
196853
-255475
176857
329830
-266382
958305
711967
268699
-7921
-433396
553233
453678
394944
-257199
-485225
-145097
-704245
-45270
385496
467396
215901
765854
228252
-918007
758397
992385
-691743
-119226
685101
-972987
-616235
805481
244656
-29019
105635
113476
-309921
-739868
298113
-382472
155685
-577967
211586
186354
-387382
-985406
-250902
-176164
2418
-10633
388240
576519
786792
808592
-572077
-648243
-857493
518330
997313
-686258
717163
-386027
995392
-898710
-152080
-51344
724568
151004
349455
-436957
169406
-591735
905723
-554905
951035
732457
843815
11834
23753
-764287
617450
-66226
-130914
-270102
307893
-471479
-504433
562690
391343
-359880
837042
-386968
960051
774739
914324
575318
-907094
805002
-807317
482560
52694
-738991
493415
408452
-746320
-918897
85486
515103
564375
-40121
-551342
924461
-118853
-694027
-728561
-927122
-670757
299522
-841018
-504067
-146441
-571904
527278
-144940
288254
-868865
795391
992039
-658268
206998
-780429
-737879
124987
25186
398485
-561034
-899096
671208
-347047
-218447
27466
-9580
-832946
933494
-135846
252324
216542
-423866
-211508
-369620
359387
955197
976424
-965301
928927
-707406
-409666
-1210
-789863
405029
-851387
438399
-921765
103528
200237
547547
967306
-765560
-519188
-266819
-516620
-638838
773385
557112
-901431
838709
416790
-442821
-467442
-327492
-741498
504618
968155
249522
-551295
-702584
705982
-605277
-196115
262617
221392
84814
-797524
-951601
-303843
5173
592067
-998739
-335713
-113434
874132
701178
-176779
-429873
-863132
683436
929722
-479533
-777948
-312249
-534674
359163
-335786
-641382
-654180
452020
-511488
290520
127938
318224
53988
-335071
194408
215211
281917
-744007
754923
881813
-521147
953551
-923210
-154564
24249
-317134
-362583
907178
480192
387173
587035
-714632
833640
-674055
-62470
-419537
-225835
568158
-402386
229307
666928
830452
407591
616484
860220
163135
228961
-637754
992833
-668134
-183573
336954
165148
-882428
176995
-940514
-574822
680802
696273
395912
860180
-21349
487299
171149
-483818
-13520
-814084
117597
726714
-230989
302159
586585
576983
62306
-618630
353460
-578835
-833678
-392320
495153
-162604
526808
544807
-620811
546224
754151
13925
718667
-437886
483566
128278
716754
7747
494067
171735
-236739
-685104
-74029
-681294
-541090
-229140
325889
746599
422154
795135
-584182
764568
751536
144276
705889
-994597
-698539
-481323
388261
-295276
-297976
105949
-519936
310898
-786398
518435
-61174
-966532
322739
-213640
999178
430804
941946
595261
766344
-320242
-977893
-409248
-904822
-947369
-131894
-674694
-791308
-454590
-605882
-401251
558051
-910376
573744
240692
142296
546057
-622514
692697
-501559
-298954
106846
-587082
-690146
648241
-305369
-810923
177340
31452
-7404
-14709
-122002
-218955
-291700
-437889
-373617
564057
937699
877811
5985
-90447
-863247
83809
374686
119593
-999440
24904
-278680
-378775
120642
234474
345034
-732661
-803305
-424735
-848103
-830279
12136
219848
-679508
-510686
234137
626544
309452
594122
-393476
557686
358280
491678
48028
-250
-50509
265535
912912
545688
-409069
-634398
-979607
966433
561435
-900899
-675471
879492
320939
446943
-675635
204770
348619
59976
175635
-442006
892708
539261
-973887
129181
741901
607693
-889310
-315997
-779278
653651
-837644
-666537
-743569
154484
-80792
-347457
640422
743115
-728511
-634584
-707143
278755
303462
-461256
-14077
-909875
-152497
790581
102406
-744187
367532
56582
-672289
-934398
866141
190892
-800691
-604056
-858548
623434
285872
-708214
-919691
596608
331427
-24222
-453594
-552980
54225
-210251
-920267
-934464
-781751
-856311
-294399
-998230
87755
272938
-155715
241941
-416502
-917766
-549360
920612
747969
-479482
803884
445515
-658946
-77077
852778
632409
144938
-27202
379739
248748
-856794
-277857
284094
629526
-280088
-765658
696007
421807
-894339
769538
-317272
-436631
829617
-331451
-453222
-490605
598796
700385
-564719
777626
-380009
-108982
-340104
804375
269968
303378
458082
-987508
842419
364402
-558635
720114
-68975
856553
219838
354723
-770256
359047
-501547
904314
-43729
-815286
-338633
-80270
-483743
-195439
-266030
116559
667021
-203254
718415
-778899
-459435
-602270
518381
-900142
991997
302852
267464
-60557
-875859
93498
527666
-686761
694916
388490
-492367
-220454
-956525
730714
-756507
-685433
582025
403701
204756
-657590
-537338
-387473
265055
206086
-968631
-593932
-705190
97221
-27301
615976
-569183
683164
-155344
273061
422011
-55697
367616
-620205
658275
-559734
981948
-878910
503674
784687
-973165
-280287
-325331
-184269
-168097
301034
928081
418677
731038
-602874
-855673
636939
-36777
754106
-740361
24045
888447
588418
553264
-127685
150093
-147573
170452
-862888
574697
-154922
657923
543775
8783
560921
-754399
-595177
-659432
-301614
768851
-311070
-883317
759359
788073
-770139
-737707
-119223
607971
900817
-519505
842782
859357
-773617
347541
452892
2631
-819284
34080
930886
694190
-244437
-84358
236140
687152
-842013
-576032
-217006
-403761
-880528
-202848
-778882
529625
-636366
-559587
31290
-216417
499514
-974832
440329
50280
793421
262773
350261
771000
964321
-251101
325689
711042
-480361
-575370
-741415
882834
-99604
142243
946078
-417134
492532
-966610
609616
344359
-163169
-891171
-336522
305037
945177
753553
578594
256609
255520
297171
784354
320763
-945733
158004
-555649
-398845
-477902
-838796
59708
896313
-362883
-403324
380347
-477901
-15568
-126289
-948758
609745
764924
-769773
-766158
788596
-972084
889009
623366
-843968
805474
-379041
352886
649710
-399476
832704
-561292
459669
660874
-279889
908994
-364670
-568904
-35923
-994358
979447
-869660
586825
-999839
-985993
-210216
-361740
-724786
940926
-209650
-519025
235151
270212
-720605
975077
-528443
-70622
-528044
-24086
510344
-967670
-281370
-349969
-951010
-683150
72910
-261215
973429
-393541
-122642
617701
699957
49717
-921263
-157491
642956
-709569
649447
543223
977004
-532209
-314985
588531
-719474
-102300
24961
-361772
-13136
33386
9074
451614
-541179
833783
-925436
38333
542125
-582471
-233615
-567322
-872883
-18253
-789234
809518
44511
483877
-178883
-858401
210274
216814
801828
-438736
-586718
-437616
850291
433905
-541086
497800
62300
334763
-858692
-862015
-152901
-11901
953191
350765
-35619
-56882
-67063
803487
-93210
-447146
932179
311068
-947705
-71347
-987506
-318219
517990
-820711
-612021
108235
390183
979706
600149
293177
-524684
412252
942599
298655
-581060
-17444
-121733
-927330
750852
-978819
924173
957764
-884588
-25411
-758744
-550065
398157
-383019
657029
-138522
-545761
-373236
-514920
674485
234580
-338362
-604519
292425
72672
-906990
210669
537518
234731
925165
764956
-354287
-257797
285087
-864067
324260
398028
-833537
-945077
494310
-767014
-919830
-636475
26149
-892331
-27221
491754
-694088
-7581
548080
201208
430317
40558
800947
-981576
-13564
-642313
-448853
739130
-214855
819110
949809
823160
498878
-89027
272716
432019
-897076
-658442
500199
-356021
431971
-843800
-512256
533385
-5332
-76000
898669
-72681
169740
424361
-691904
681545
424456
918954
-752542
717515
-14240
61705
-518678
784753
569313
917333
-650797
357538
120050
277885
596010
-416138
748055
1758
-948886
196779
857083
-551431
-557576
-518359
-794513
422778
-806602
-658909
-107845
-33870
327306
-128210
-738867
725669
-144070
220990
980952
-788595
167148
180599
-824057
798036
815128
135154
792932
768657
189939
-9923
906504
-933992
-86499
-817580
-978705
361496
-788984
809645
113716
888992
853303
-616975
-406589
995022
334696
-755532
-464150
-581156
572179
599649
-959394
71888
240438
685092
478798
775273
861011
-982114
836306
-61392
741173
-968711
757431
972844
-594325
832018
436056
-239931
-592445
639252
-79702
-781105
-673668
-923338
806251
-167618
-987842
-696072
554838
304618
-999638
-844401
194477
-137684
-902740
613446
76879
428978
-670990
73949
-267189
-480917
924075
817373
942471
688979
699650
805764
34109
409523
-114842
971770
379129
-309378
155834
-361733
-484704
-978339
-753290
975588
-687968
779959
-430800
-140261
-985338
175973
701383
295163
-563064
574403
74975
-462718
992157
157645
836301
-190728
-593031
-876414
-29562
677974
-402463
409552
11875
356352
-370095
-477768
287720
132894
191751
344611
-525537
400827
835330
-477519
820331
599597
-808323
-187447
736333
-400613
368346
920559
644307
540655
574058
119304
139042
-461732
-763965
457546
-607630
-237934
904683
-100566
828230
-885926
44371
328600
-185403
-832714
-180095
643249
356801
-398334
383386
-318599
-940349
-187547
516933
-368283
487318
-907790
310130
-882821
-638455
-685087
-878140
-483404
-757752
490993
-210610
390724
-606682
-71658
313882
-191408
-503948
-795724
-37055
927134
-457143
930344
-314572
457845
988843
-598460
-260883
147671
-650781
361952
552960
-512431
-230393
389747
601890
-788047
-405191
-530512
-577498
239701
-793208
417092
-880936
-320797
-570206
156081
966059
197783
-886460
-760389
-915764
-407573
248779
472410
93244
-345674
-230447
227019
-673974
-316437
699437
361929
315284
-323733
-342250
241558
-18751
789361
629038
109076
-38410
100602
791475
671665
-777598
-720361
375695
653334
-179074
268233
-286021
184515
-646456
298460
689182
-322679
416239
-647295
865096
742897
-781333
65770
-201890
890229
-430201
274239
999905
-649844
97383
-946951
792708
-825257
377726
903334
834509
338566
-385338
610917
-303080
-917541
995445
-219882
831703
-745044
-463839
-455658
-994758
163748
-601053
160611
-804353
-297885
-194186
418697
279097
644455
-841706
-610653
-135593
515667
-360598
306387
294177
-236876
680934
-164705
98585
-992231
414602
66260
-589887
76864
-847190
591689
486753
-279773
624565
150023
562931
757211
209696
-301649
-615895
847291
250391
852798
571656
40397
212452
100236
693497
-255038
4825
440041
-189340
192638
448410
-885193
92942
-223045
-243464
-596354
-288836
-913628
563264
548801
53858
701942
-802923
142265
312214
642888
-291616
501337
-4445
-619182
600733
593934
927661
426603
-247235
790170
794957
-824008
-965775
-817512
425095
-530617
196281
522467
-175031
-277452
-155220
-240908
307530
583510
-674999
-518096
747667
-437979
993067
-541647
-220090
-76528
-769140
-890794
360596
670591
607938
-124238
-451676
-431242
500879
-697226
334370
875146
-424750
-580131
-983899
586890
599394
807770
172764
748254
944683
961231
-993825
795367
-294138
49516
-19988
408492
578203
679584
-531104
-910479
-440006
-40543
203826
349285
248327
119116
-280663
-849320
-625145
-229539
-63165
-274484
-665512
-51626
133225
-247350
261445
-537104
-60249
-683723
115512
-857941
-744316
304824
956080
-35932
-317273
-236843
-882355
440559
-607619
121763
-854899
610915
855204
-123700
-560133
87424
536566
633468
415459
-357349
814035
-887457
-491154
-561923
-894848
475958
-342297
970606
-664865
582548
253772
540719
794183
675042
-22948
-166999
-653391
-55038
225564
-367077
-603400
-20052
141693
-444860
808588
79073
-746317
297790
-100751
-730458
-266770
-985431
-40303
-992750
864212
240975
-130752
-515317
726350
781972
21172
767660
338785
-500124
584750
7733
-29017
-970851
15554
-603338
371319
-810180
-31073
-960504
612264
-581719
104725
249939
1474
-677882
-607744
-391054
635651
-183261
-371801
-844509
658819
569134
876013
-231212
-838574
-811601
-374098
144544
-738459
396769
181249
430047
609607
-984891
486670
-84839
-675851
-509945
-891820
538098
407013
-623690
-264518
265434
-680714
-666328
-989776
-693767
-673327
-520528
469086
280315
-616938
525869
-408479
-855627
707055
-136451
-222434
-153379
-578346
852689
-908161
-827849
-655883
126740
557407
-416704
457355
-274792
-280389
150707
420161
647688
84170
986455
306474
-755938
-886607
677624
-512905
-25782
-690357
697601
-825443
-771882
531326
377678
358689
-958135
-13074
865671
879184
888783
625556
15936
-488881
193147
641779
-503042
-237300
952330
16554
-141638
284053
48470
383582
621570
-289349
398776
-881069
41269
348383
154321
-960708
-530887
201598
-2964
-583121
-857762
-593064
282072
-626387
306430
-688348
-392710
-282232
-361183
335428
-945641
420546
-300015
260843
-115917
-122679
-542800
-937116
-311679
-767600
-266153
775772
826953
-22586
-223930
296528
836142
-115995
657176
-31286
-952386
943714
-783440
-339087
599101
-571649
-956118
-108842
339174
-313048
-217438
907580
-888457
629336
-105842
58550
-683679
531084
85019
-432220
333812
-274739
-435638
-694639
-189420
511250
-783129
47633
-628111
245781
93634
477533
213720
205327
418242
-730217
-385083
-18071
-215727
-973790
-573036
-413168
-625716
-380085
-249055
-136535
-153444
515140
-802137
-434324
-354035
624406
-298769
264650
514523
710809
-601926
225341
898454
-174618
887549
-554750
605717
692773
-871732
-960066
-802723
-577905
-603254
-483908
265283
185074
-28644
584737
-147516
947909
-630185
-839198
903102
355683
119671
-166388
346031
-956834
494065
555346
136457
-795500
389709
675201
-278934
-960553
642884
-788026
-289648
492337
-272567
-458837
-203649
-153525
-434940
615773
-846098
489597
-767489
-495221
-970712
81086
681975
-952267
677438
-995755
49080
-762126
606560
-863466
723770
90003
-330866
257440
-575899
350826
27161
-985639
-619679
921267
212493
282304
-534393
922734
-200380
-967206
252696
-487206
26509
-58526
-554916
-260350
389874
-284151
-819071
986586
651970
-779963
542329
-10066
214607
-9508
-68290
77522
755509
-349846
-772357
168211
-652056
819540
182836
-247555
-581374
-454559
376986
-753293
-848388
273098
-519365
419911
509153
240954
-984378
993396
-665875
496838
-686313
539654
183402
226760
8119
287374
973044
-198266
984384
674818
667353
-994202
873687
-815659
-12576
-355483
-490030
-310625
-328314
-694281
983689
74864
887580
-367650
-758849
-292134
-87961
-534405
318042
-281826
-851383
-45498
848637
-68839
-934823
361067
-129017
-680500
555778
-740834
981445
496560
-576375
-496311
-651287
-659398
-501842
-999183
-679620
80577
-647212
-694847
-153125
-873416
-727227
-56276
-796517
-482280
714703
872916
407054
-71122
72933
117221
273489
-304360
-405611
-812279
-807910
-68488
-88866
-632558
-807706
-253611
315595
327121
200277
-74651
864299
22084
-553892
-428093
569849
-838552
162147
-976996
-645840
266242
-213642
-878859
-865330
-659527
611560
489701
652136
592996
219815
-215536
4189
328106
-483622
-541664
605776
-253463
955730
883502
-80973
26838
515747
-599941
413735
-697224
-487388
-844932
-557923
-93314
704566
-114850
-907456
-146592
336501
-362612
941306
-739446
433385
229211
897672
-333916
72943
-745237
-703270
-775379
-916664
-187635
622538
-570823
-150427
-682122
-367310
-838097
201972
888975
-244443
-451036
845379
-359582
154481
945873
-36669
-820107
-816094
2479
443040
-736874
-988959
-527066
-54940
-389489
65115
876217
-722448
797043
-107132
865163
299659
134891
-630413
-755104
741533
-448366
-834591
502840
786425
559388
-737378
-547290
-412128
945586
732427
687023
-308174
-956533
894988
-666824
-955648
196722
228962
100284
-16133
372791
-175981
-942109
-583228
581542
-223735
-943883
930571
-607213
769932
959429
-749022
-625821
280186
-44102
-839547
617010
840187
991971
964487
-137973
130654
-616585
565276
886644
499922
953166
-353819
-206363
-822653
-664489
777465
-678202
-257026
908290
656866
78969
-187884
-672004
-798016
-838540
-211980
529178
-743874
872668
435815
558731
981911
-279472
483085
-948188
-440434
180552
854803
-391321
-690803
-652117
587717
570428
166379
640691
355524
958279
-949873
243923
137753
-475255
-374806
15793
436494
934708
898019
197090
-771852
-794530
722767
-75935
76868
-688660
-349646
-433026
-69281
-471485
-753065
739543
115794
-398098
923401
-90209
-206607
-72640
-541890
-917311
-217686
248391
-79239
-760117
93851
-468339
798958
592261
707989
261726
47615
867107
-11324
-715550
524431
701664
244536
-343948
-396495
709681
479967
-88813
568160
834704
373599
-341558
64229
-245705
735261
326350
-158507
-877739
927241
-573642
-342514
-3190
70819
-331419
940718
-688174
-610666
624942
697948
-733531
-329842
770573
-964606
912886
-166527
-910212
797302
-264254
425619
475651
-861626
987567
529429
-820100
997199
-791438
-807323
280278
972436
531809
473603
237088
180787
-33245
-878595
976325
-491353
-809656
-844405
-415898
-190132
239199
-962877
683833
929247
88116
-22427
-515360
141076
3665
-402381
167565
549921
814772
113904
990084
-758416
781100
-408330
-52236
214045
822338
-851848
961974
523912
781078
-32024
576616
-85018
976679
368329
743134
-339469
-575091
-780482
-844212
335477
-694092
-831522
-478732
932232
-792199
-650706
-716259
-169468
-383679
901185
-310829
921404
-563056
-778108
67763
-920126
364750
562981
934087
-85770
-50070
-843768
331949
-710620
656192
732251
-974980
-556303
517281
-751230
-566805
-266422
-475495
614634
-908592
248286
-483506
-524486
864316
217333
174736
-303795
70709
763208
140095
934351
-557560
-845163
-868400
382026
-9990
830939
681067
275592
-796739
-944870
616949
-986600
715846
532950
-260715
-845130
833259
483938
288226
382194
627548
752968
-254496
65982
899900
343939
-817120
-835312
-323348
862985
-430725
814240
704126
595265
951913
939033
874999
933386
356545
810194
-509576
-978631
855914
942023
362514
-439835
262851
-7826
-603961
996108
-585417
-728517
396850
-726127
304450
-124137
16528
595328
-94470
-736820
370244
-157965
425754
297742
-449201
597420
101947
-329740
562740
861040
502450
-217919
340800
-685075
-160289
164811
550774
32107
687498
923066
-25058
-187566
634964
96578
576643
473946
-320920
-56375
473891
159346
897610
-143822
99205
385256
-652857
-41170
348820
-460903
322245
41856
92486
725321
415629
-311
308631
164229
756031
-945408
496684
-898705
-596921
-93631
235232
995216
823156
-672075
586578
-800314
498263
-446374
593976
680817
245573
981575
410229
-663684
-427703
288471
-367656
44644
-642900
-406561
228923
-950528
813153
712154
478836
857088
-617054
-421226
614707
-794939
-58324
84760
-68559
783440
766467
85728
-820058
530262
23317
-76009
-925252
-22493
-776080
-840658
937691
-738166
-805552
690481
-408508
-628773
728754
-570357
-214738
618104
-681012
-240555
146266
-798366
-852988
-903288
-316875
616739
-967711
-941732
-101297
-627031
-245285
87342
-817400
-203050
-604726
-123362
146946
666868
-995609
380432
-469301
678116
-669424
34057
-199542
624373
-191332
-683249
985083
-720279
-961277
643296
250428
639588
278681
-320005
143237
-32497
-741329
-180683
336893
-178224
-558364
248328
-901206
734762
714059
597806
-608643
463306
-103513
-155613
762049
-37750
222053
-17159
478587
-916763
-897036
-539201
-120268
948310
33493
-888945
-589917
634633
407979
275811
901882
-268503
-25922
-297337
-964259
108830
662913
947436
162818
804069
723592
-293767
972673
200270
729109
-573380
-103020
203568
-923356
294027
-776094
-945920
450954
-559011
108854
561568
-411552
883156
647678
763722
-803874
742952
-259348
-768896
-169227
-25497
56899
-660164
-890968
-994225
-105669
-547631
-833871
-23238
-30692
-902397
-237323
816388
-867608
339659
891453
-39533
-560634
-858952
24589
-740925
10509
-801377
160155
-169273
-186109
751630
-82300
-855306
430286
-559917
-264224
522025
98180
523360
-447486
-200491
373136
846900
-920489
-502484
-489774
-205048
212675
958156
136047
538175
761624
606824
381695
123965
-779048
143436
965800
-652630
-963491
630178
-213332
-934574
-493815
-771739
-66638
429243
168286
-199710
-882040
-592206
218760
157776
-205221
-513123
-554544
-695352
-559666
513287
-969780
831015
-452204
-720134
-943374
-163292
-710301
649031
-557050
-352610
28300
-688753
175448
-838447
-804944
-968799
-647371
-65207
216685
-436659
-996367
-419130
-993561
-785794
482423
-766114
176762
-46307
-483453
849180
784046
927569
43463
842070
-491828
208297
417751
509830
990592
869600
214174
857909
-446262
-88952
295568
-172420
-632844
-135909
-625052
-485821
452802
-595830
-694017
-817417
-631188
155372
-578742
-660862
856649
-318687
122287
-785340
689523
-225075
-801765
681291
3459
182038
-660549
140148
353305
-901765
-885339
117292
40631
-584163
677617
-309599
-106716
-676554
-907328
-568097
140130
746724
-715773
891620
848713
-763322
-128736
868608
976936
503080
209714
872308
315972
-855777
-598328
-772468
382841
203221
327418
42279
-651483
-731625
-101586
-730100
-912944
19953
-47493
-116092
614089
7189
-416417
-594211
222321
941230
602529
-148577
-172133
-39911
125468
972970
603118
822990
386745
396785
-543995
982189
-529449
-935623
973782
-957993
-97774
-724344
162902
681197
-941352
335926
-590297
-683534
-707989
623541
832335
-681755
-256354
-317032
-252974
573459
872831
865651
-752537
-600653
449830
613994
-40534
-185516
-561919
-557555
654754
178037
-163024
-211334
313587
967542
286646
-654483
-689639
715986
-691261
-277733
35485
91090
-105042
-258859
630884
-272260
-968462
523392
994370
709866
312504
-652741
640610
-112908
607411
800006
-398522
-974142
857295
-886119
-263491
-292029
873177
-983684
-551603
-612803
135898
-495003
-644156
154107
578438
-904106
677557
-75448
972635
-792289
666229
-68104
-205872
-124836
844367
-146003
494364
-58550
996535
-665476
-938317
873227
-990526
-759415
-435532
756508
-94488
-413691
-204478
-168272
-487531
-149596
925931
-437964
629386
-876359
205029
-995213
601320
-780360
-820019
-138379
-678388
94772
-526936
393091
-9212
-165569
794430
775286
-59082
159646
-896846
-128901
-818806
861188
-426038
531574
-664386
-246343
-835112
-906554
-64879
85898
66489
250550
-938832
900728
-510325
857139
-594892
-509790
284190
-152277
-143981
386165
234061
-850689
268158
286391
-704533
-619310
-560930
795118
-829983
-598428
-209954
-943441
-357192
-887746
-462510
981414
224875
-516706
68339
798077
-468301
327257
-687481
166705
-760768
387274
572526
-928950
-934169
512060
-557749
507343
868237
-754949
-404258
830762
998621
444288
-793450
146706
782204
-910672
329316
-379923
-780542
-938547
-537464
-972795
234710
-306956
-668443
801569
145
-723700
995616
-39315
134028
655068
-486036
645594
287665
637875
992969
-258373
-498462
784969
-331663
514518
-142119
325794
-239923
-655289
-248683
-566965
-425076
117995
646945
135539
496295
920840
275495
-39398
-682883
736268
-60573
-177025
-71029
-713881
-595758
825192
-659829
-257290
458607
-701550
-402194
615782
-969930
-399911
487947
-538567
177872
-612505
510653
258727
-428297
698434
616139
-349887
-435615
-629317
86052
-543118
88960
-872711
-112619
-451256
-530193
708885
650067
233386
-771409
46312
675518
-534255
694552
132883
-365608
-485516
-967057
-803110
-454431
673343
611494
98705
-417704
-734556
745674
242348
-243664
646493
59444
357697
86570
-363413
550995
20751
892934
438975
-583869
516439
905464
683162
-756507
-681319
-493129
-716940
547135
882216
-523766
-817995
890872
75143
896458
-583077
-991464
-533426
-488592
-913185
-308816
-988209
-215052
-386915
117477
-279296
-796687
-464695
428809
784946
-514884
-844131
-496764
214246
-12067
-630672
155057
802674
-147876
-460247
534938
725383
173516
-633153
986028
-48951
-388318
692767
816221
877372
-319497
408345
-53410
-593704
595434
-844430
21941
317204
145703
677389
471688
966619
-473334
958275
946635
-207078
351695
979139
-752122
-702364
851000
203862
566749
-621600
291204
-538709
75348
303732
556307
-162934
169175
375732
-954548
724358
-399565
-407282
861062
111684
157668
-632592
928092
496970
105085
739747
-489706
879005
-834551
-77794
-652058
-544472
-896200
572913
-805293
-478328
738601
459042
-596506
246278
-625331
430378
-106621
535682
-864134
631189
-880473
572988
912775
-981045
-898113
-380041
-926744
414839
-751178
-372996
-378869
-493820
674881
105970
-423064
-534231
923755
-520530
-279857
521929
-725019
785013
-960297
-19139
-86316
-344980
-639175
-664011
913122
-70196
-842280
-154170
-313123
410081
318763
-401298
310023
550523
-953594
-769850
583773
909876
998553
-561737
912204
-389382
444813
126255
263001
870918
40597
-2935
-310980
885190
-860437
-116508
-232582
-524043
-874808
-810573
-889379
158658
-601394
-73212
482557
-183838
3012
-888101
-751400
645083
206402
-824454
420626
560725
-456930
-803391
358230
36646
-189017
123499
-772325
371891
-808102
-504997
879405
434189
-745783
896289
149920
-812651
134130
-263686
450065
711076
-28180
-816675
-170942
-456480
-763743
-779888
-611733
797202
-382285
439488
-391394
-998221
34035
-778638
666942
-61229
-606050
-622193
841632
-771375
-890219
282275
368628
-530504
484924
311030
-783051
800193
106425
-385796
-41943
949119
-540982
519544
964302
-744797
-756958
725744
-847587
143412
372969
-772464
-162754
-417635
-994369
851944
634026
298988
-66405
-592633
410364
-652859
-503196
657824
709675
-874640
387946
-142063
-455368
-965553
8881
349760
-846316
-524897
-534958
827727
732292
42480
-952430
69545
-868982
789903
119733
-731846
152040
-184775
147300
432417
-686191
345628
416205
754705
795727
649351
-580420
-385626
-790141
-353342
761558
-218423
124969
-10634
779193
-467046
899070
-57686
-564215
64612
-106669
-678716
-617543
-772376
-111698
-115060
697455
-833129
814882
-936507
933606
489445
803172
-88967
-809236
919672
-33207
569584
457049
-88735
-694249
-80245
-36302
-771305
564564
-477235
-449651
801385
117075
-235737
-982153
402481
-508969
-164909
747531
171098
-802898
778107
-398928
-507318
-91968
-140807
-643430
193522
-914318
369722
-88568
987175
42192
6027
-547238
923518
-532368
-459991
256844
-592992
-805526
97695
656303
-882939
820062
672721
640360
457222
49469
-981782
884733
553788
-411990
-797638
-103369
-741780
-976316
-301642
-230478
-229770
329245
-171546
31695
725371
-952663
260237
704341
-608550
-851815
999994
-735795
242222
-443634
988466
-853241
619629
-726501
-592803
207291
825204
-210061
744224
548349
-867021
-899934
-263578
-510620
474343
836437
-991396
154611
-378967
584781
-132856
873972
-983347
-451171
450901
-679371
313769
-296147
-911286
-933883
-666671
-352460
-69545
746782
638498
364455
-284325
-807577
-859588
-991375
-73220
967514
978646
-519213
-470868
809579
222905
636602
-554503
925665
-617899
-679061
449632
128297
-285504
133140
789845
305720
78541
411222
431588
-546269
992444
-250718
635994
-19396
373183
-558771
-179868
-306111
728244
958107
748869
-420311
926241
634270
309906
16567
-153404
366611
-294750
394392
144284
174967
-96278
421447
-264546
-910744
-565821
28001
-638451
406397
564639
26199
527985
397683
-597370
235620
-948235
375834
-767523
759919
912844
-237674
188135
558831
-178678
-266967
-241143
72280
-226206
807855
-838280
-518277
-9009
50747
834263
-324927
-207445
-253508
-362362
-499599
303744
-408348
-707807
-436494
816748
769996
-122342
452059
-42246
237857
-534445
-263502
766032
801558
-554570
-103191
613018
361747
484206
597499
-464316
-475789
-42097
-66287
-551231
-316081
665916
990195
40698
-600821
463400
686933
-248719
101337
221845
400743
369249
-912691
-466005
-461153
577273
887807
-93921
-426824
213251
-449454
-40471
857776
986031
-970494
-483045
-917407
678475
-360856
-366528
261236
-618570
-620365
302764
-482749
230515
813252
-603496
914938
587512
-474462
166522
-881217
311273
312825
-815426
518906
431788
-319792
937109
-858943
316677
-831775
460122
435997
787008
-279950
-580220
890812
128712
-257607
-532776
91305
950264
247577
-920887
-794381
809072
-969179
528613
-634877
208522
475314
89601
594539
-341197
-663800
812981
151712
646923
501700
965359
362216
902124
764367
-677096
-784947
899242
597625
-962194
-638831
802102
-529563
376273
814403
234119
-136109
436935
850927
327104
-986001
96819
-608644
-929343
787598
-512029
-441675
-237520
218928
-771860
-83064
-977366
754948
268501
-553244
-809905
-122090
-409773
705374
-293552
-616723
173873
267534
-346701
67206
-62785
279550
-874265
986890
-333168
719471
-896248
-754517
252885
-639003
-378111
-204962
-971667
-925651
832852
61290
-76378
824664
490955
-974423
185441
-162956
-126035
626373
866156
-258533
-715180
-422935
-971558
393605
595839
846857
76006
-138077
4287
720862
-958281
645245
211428
-261605
508581
-725631
323222
-697972
-438148
-427009
-358861
-996177
-288967
242914
750458
619061
708466
-71037
838340
-492038
774147
140173
-57385
972568
833343
920248
-533646
-408294
573592
-934068
153886
498389
-962882
-973824
-186437
-441010
-784109
-24627
94719
-182071
397376
569476
982776
-306108
478042
-336873
-760215
409298
730958
666916
-488673
-707310
626120
-978858
927775
49067
-300470
21353
776569
820269
349965
-377713
930398
562248
347220
665213
898474
826652
-958642
759063
-234965
-172117
-218580
367598
-910823
431604
-679452
-936689
86443
-785003
647831
-985168
-384202
-258010
699235
-412913
526570
521734
361184
157521
371375
940027
-331232
893621
-252699
443106
129863
240810
-526659
620182
-294009
-760667
-325714
-53668
871797
-11847
-964237
356723
-544616
675236
-754388
596146
-78303
-933390
-64883
75262
-912085
44507
145840
-755163
-937827
534455
33977
281219
794047
-154708
720393
-775885
464348
88119
-65778
959088
254279
600950
995519
928888
-119517
931720
-287447
409881
-17141
-980182
8654
221965
-897233
-481354
605253
-313382
-885973
-45716
528507
-151452
-633883
-647230
61118
453136
-614242
-198380
588742
-740877
-660248
-136699
939210
-735582
710373
391673
-318924
490694
215677
-649625
642582
-902791
-923792
545596
-434881
576779
368214
782833
31528
-2492
384520
927253
-499574
362897
-834543
399697
-187535
-23797
984035
-694989
751696
164082
-776033
243753
-221478
863190
309496
-65704
242674
496062
670117
3169
-172701
-981415
470593
397089
480673
-322522
-490802
-549590
862042
-486917
662591
-666660
-157175
-210269
-192626
891172
-4481
-382484
-882781
277030
461289
732626
-517967
782662
621579
-255719
140171
390613
-370796
-574970
11429
-430962
-647258
-992683
-474196
336840
718231
444684
-482439
76062
202511
880910
589240
-697239
-982119
775419
-303700
507798
-13663
-292074
-693971
-261953
-504088
325620
930363
-585053
-830867
937523
418262
-786576
-434743
-800000
500808
-791190
317347
-948892
-872681
179873
882150
-840532
349724
538166
648092
68487
231776
-797025
-519207
-791627
-746738
-440348
877919
-28724
197216
-490766
-845632
164052
166762
-70758
730178
390315
545577
97794
-402169
533384
-959791
805878
-333060
-619978
-651726
-145522
510635
323707
-788614
-259364
774342
-379204
205458
-931062
-44523
390787
608155
-234531
350040
-428689
506600
409607
788313
478079
-973120
-926738
883408
731756
-93049
-590722
-529162
-864163
558489
653912
380733
593433
-462501
520045
294323
-489680
-70363
-325095
-806375
965681
-357715
431800
-8111
-35070
-98801
-388891
-722060
273228
-983365
869802
691915
-380849
-165323
-809965
522601
608807
-698878
134627
-182555
577350
-462112
797183
-4279
483422
-536968
-657408
675727
24605
-473454
569091
-985521
-680955
-702390
899667
533068
-724301
-936703
421867
-796779
-504937
305038
-320875
-992313
437846
481658
645725
-299801
512632
-771879
-458099
-204885
786024
-789947
-646836
76851
124809
489394
-881613
264217
-652039
-557201
661029
920500
891283
-873310
-156280
-714866
275880
292160
832657
998965
85247
-932577
-624253
-574337
-534734
113973
-503739
868101
164039
-159772
198555
-392342
-269638
-259565
227188
998026
-163365
371262
302328
381611
-718045
828445
-386119
777433
-36518
379147
88859
398625
-100440
-57055
521001
-539730
-606124
-939754
67536
740388
757588
209417
-382412
384440
347608
-605255
996706
609241
-63597
-351481
-500530
559132
-826102
94052
467656
-648683
883599
206888
-38843
-157281
-330317
495128
-603983
568522
53561
-135068
695205
725631
-566232
196363
-852203
278710
456602
265734
-743168
646033
-740078
591490
-850021
518556
-162713
291
281562
660523
-12500
-484663
684134
740897
-265596
137426
-447205
204966
512298
-733994
-804929
-760864
-135025
144215
106409
151022
-249678
453036
-380564
-779039
-246467
-498366
699277
-490033
813412
-560806
-100711
-110302
852149
526723
130193
247178
-802932
-978674
678169
917487
237506
948408
-965929
-877986
-421019
-458175
-119998
-615579
-297388
-729370
-42400
-116919
133919
-702526
87041
165206
-731027
-716838
-447364
-367020
115677
901414
-956886
-199239
-819697
-687049
838811
315051
-718720
-944818
-814299
975778
559207
-810433
-767214
-992682
243522
770862
933171
857425
-684807
942090
-680483
342689
-196531
-18831
-752556
942599
445872
-346445
-20613
-708874
-75470
-641709
-745743
-528023
195921
-893965
-727167
-778897
-297716
-927599
-886657
-834159
-154842
-988687
605008
-740665
470331
-32792
-484849
730104
814699
-314244
-740131
198066
-778824
808695
-606519
-369976
111239
-508894
-675249
-967900
-190113
-469646
928221
-495355
-602739
660968
-851921
399255
784043
-414979
491706
-93676
354423
62736
687628
-530376
-111424
233754
-445270
906838
902280
364403
-960686
811237
324610
-685850
555993
85378
-487968
-449858
832224
-804978
233950
-201358
293784
289736
20489
483284
937933
184312
437408
-840577
-151386
-772155
-384076
456784
282070
168246
-938383
-289520
774701
50603
898270
-833016
-548782
-964824
795508
675743
-294595
-532850
528878
716865
712460
886732
-963732
662961
-42732
-425342
105015
189239
943137
191787
-972154
-733515
560392
-251216
836903
-352434
528481
-643554
-868873
774707
915479
-88981
976335
999450
-507116
-244603
235654
-58612
841453
-525504
448587
-956324
-374407
-196257
39276
863322
-895270
-860129
-343327
-632870
-501413
512434
665705
-729626
-396192
-285301
443642
-774743
-550005
776950
-435143
-735685
622906
-335352
564378
-739516
489645
843430
724514
-261715
869433
816189
-976865
491133
198251
-115844
460551
93614
-795700
-799688
-75429
-180798
-802402
525037
926123
-587056
-407017
-280176
59401
-471790
392283
-532614
609220
869376
-306694
-596122
972918
732402
809370
-292904
735241
-140552
-747741
-747467
811185
489499
-515910
-41991
700765
-652468
-457613
651690
843114
30578
12730
-221779
176496
-284042
-897812
180538
-618577
799119
183301
-757750
-117683
215819
-236076
719565
277505
58244
201152
523417
-439641
-614931
309447
-238631
630264
956330
10310
-906223
-291848
-395036
-885228
92554
-86215
-181467
-917236
988438
-418511
-239035
-258119
-496250
17461
-69143
443967
-322165
-982869
-911051
-44454
200730
119132
937288
-144970
-749300
-671614
851252
524599
-156526
-392774
-250688
-797886
-830496
-383697
794591
-370701
157830
84856
447441
-162691
-350370
967173
-103542
650727
-653253
303401
-598398
18096
306477
965569
673972
648695
-776677
-673677
-716614
133125
240503
539236
-832322
-6108
172720
-183504
841709
-500206
918581
-7714
35632
-730936
-627649
-172116
314553
-893163
-913099
-43336
493445
-993768
469359
-69215
543700
-739178
-611184
464705
-872254
-645378
-854970
-445313
828688
57914
151365
-799751
-691863
-131827
667852
478171
71023
-112215
-449124
538344
-846663
-472380
162773
-379531
641751
808452
350381
369899
-231017
52833
597955
154770
-106045
121159
-762946
570934
-22931
-925753
-686496
422050
-413636
97674
682448
-479942
558694
-961131
752626
17428
571147
307417
937669
509696
787612
8264
919007
-167509
-726870
581560
707993
203180
-767657
-273533
-200427
-872220
-912954
762407
-899135
-854092
-477544
-693575
669674
-547437
199528
-638950
88350
545305
493942
132703
-690795
469666
-13245
31492
-593959
723961
949285
-243468
-954204
-583800
72085
613498
604816
-436391
-668348
-788458
132366
-410367
-213176
542893
-665461
30407
104891
-111499
-881440
967868
-755069
315578
-167238
892726
-827968
173154
-151703
786391
-37550
-94920
346147
914384
135601
573393
-238198
845371
190979
676846
-76033
713741
-727552
670112
-572816
881495
-770839
703765
436544
-506264
110539
584648
321897
-162084
95961
-12589
957767
-445434
727051
849843
290914
-353311
623037
828407
879818
-362947
62406
534103
660515
739409
-110207
864888
-281989
-144105
214429
-94501
-385771
-878483
-606216
-390895
-772130
1937
214501
-384617
49979
362593
475410
-595654
-89669
-591970
-147028
304534
94811
521388
40512
108484
-262467
-417241
-818094
-467066
618074
64154
890889
-61851
-546789
156909
-30910
77458
957445
-264973
-620862
-636819
15252
-155253
-163346
342702
-471728
-751384
-583674
-285123
533385
-992368
-767529
776253
-24076
-349252
-947471
-136696
-658903
-820619
-669023
28386
42952
546677
477820
404517
-713068
-168199
-918630
-84308
940249
-938562
-183050
-571438
141410
145563
263075
-706390
-477510
-893904
771347
-905733
-745542
285694
775727
-444903
70090
752706
-768712
-810820
386760
928003
-200602
-364221
-778167
-448331
-967045
-53342
-169945
-150742
169024
-835031
-452429
692559
12487
24690
-570177
-746841
-156855
713672
-515112
-381728
297277
880507
-785545
-999466
-55617
473843
-534252
992785
-546751
-277448
-876050
-982971
-312928
-736088
676616
402040
752758
45501
399895
754183
-609741
641546
400670
264617
970056
19170
549730
178886
-484314
-110754
128147
739080
-674928
-773014
-821692
-454135
-530306
636856
167017
-985040
63236
230481
104450
531651
-727990
-953564
-21362
594402
79432
-382156
419058
-761962
989220
615513
883387
-5854
-374322
-29980
591726
76823
334062
-190344
-887437
-628988
-382730
-374376
-869658
309825
734150
-403929
713734
-637278
149750
75695
-526102
-64323
488161
482221
193675
-820016
-283089
-307948
916173
694926
-240971
-304736
241681
455600
-13822
-910971
-70262
-239537
741761
795652
-97915
196422
246045
46023
707147
-414312
727601
-613070
875863
-208852
-89518
652465
774201
-213802
-111800
-213570
-97509
328851
-777634
932524
562130
211305
277017
-865069
-476370
296671
335554
199019
-58073
-767731
268600
-884510
986563
688157
9098
120145
706305
332487
837779
-746939
185064
-995818
-273595
-365133
-724626
174709
-92010
-16348
-599591
-348740
346175
975477
-584901
928088
-407155
621073
-332165
593398
-955069
519125
-847374
35306
796806
474371
-224490
-884830
-118226
7922
-749456
-664535
9965
-516136
-704659
-875912
591944
-360634
284081
94035
458527
-173419
453531
299045
-503207
-53595
-768297
-556948
-566907
145196
234524
-852576
-769493
366797
-531803
664362
-765200
-4896
686748
-776412
1234
-216580
189490
-938996
694672
65496
755741
-264660
-201565
646410
-336014
-670033
654678
617165
-164730
-5975
528232
-614231
-337859
-325785
-738767
-193858
875265
-707070
-323933
-559553
961373
-429299
-553399
-112929
738095
882044
-625075
-810503
-453091
-634287
647758
-802107
-212338
473703
-306679
180145
-274889
-29975
55827
-197876
-435516
796341
-293437
484878
504896
487967
-816229
956269
-255414
240225
474687
104102
513345
120471
595653
-151991
-459205
960692
-76314
-616165
-712737
217021
78312
315461
-604685
93944
132613
266718
768660
469428
844885
651697
465868
-405481
272351
-522724
246945
220212
-541703
-187194
-686208
802536
664528
677368
-627324
631821
775877
-76723
-85904
677855
618423
-563467
920914
396207
250171
-622528
-723440
-278827
-298201
720120
245572
-226576
-402205
866620
330588
766525
320273
100812
239786
-377567
-700312
550695
-441130
403698
-36687
-428343
-711600
914516
236163
-638273
-173160
952349
-681492
987496
950756
-767386
-361830
-512301
-555736
539613
961612
69253
-683202
490380
661560
717436
728122
-432047
-76001
-835222
720930
-935245
849653
25222
-570474
-502827
-461674
-496730
191749
-415369
103615
154368
703774
927358
-928454
504695
-239190
-386664
-526474
-344549
-189
-602408
-798567
-710456
368830
26167
-4458
-460890
110524
-57526
143078
-542669
207107
916807
610962
728376
-363092
-730242
-832766
17548
-572690
-901853
-211216
-222194
3103
-796150
-622221
-60209
-483112
-490692
85996
700220
-22202
-652564
95249
742525
792830
368238
560923
54168
-253793
-922192
-409506
-64811
-109446
557483
505406
504303
-575491
-477720
-8372
-853645
-933509
-471492
-91526
-504148
505584
-906527
311023
-485713
-435799
-184495
-476387
-508501
-243251
486034
-763362
-971682
28070
-563676
-380624
85274
-574358
666816
-302052
-165587
814310
-149382
-640167
-99148
852098
-121388
-297369
-476391
743931
805761
991767
-673721
874620
-424338
-126663
-16082
173052
-952653
340620
451208
-553208
974291
-125438
163820
-962941
-989369
-148844
351439
-134303
-493817
549561
794958
-750959
637871
-454442
-833519
-484455
299979
-958359
569244
2783
-378874
246620
989029
-330043
385335
780493
671756
995033
-986756
408661
-129076
252125
-703536
661192
-599140
-906829
-384089
776217
-597471
-505612
-182884
654298
-989993
720222
-101950
314661
-988699
542870
-868078
-593602
476737
640432
-399071
273752
-625726
-356788
104462
-208351
208277
360764
-92513
352519
-538720
-198699
423339
487164
259118
876842
-793243
101759
-716435
-208652
642662
-7314
893613
-665387
464061
726980
-437123
832119
-225479
952305
-47758
-531650
803396
-501294
757489
-948894
-824385
252945
-264457
-758527
661123
-714191
632569
-242644
658074
-624485
-134211
-110262
412693
-186782
-809164
917373
934901
-37565
816138
-984712
201249
197539
-80621
862582
-923018
601902
-985547
-274285
-540347
-426489
465544
-727765
-101886
-197495
-119407
-851172
-763442
-757222
-869764
305677
-374664
-614249
-435734
909469
924788
655343
939882
-107570
-381074
807644
-30090
-390293
156147
41026
-253212
-977544
-697272
-886075
955244
453698
-526042
-899635
496727
177849
636526
-948357
128865
277442
-222650
303081
513079
105100
-638508
156440
-67906
407585
-777266
513280
-812916
-152098
857232
213492
321154
337733
-180555
-594202
-293320
760941
513623
893693
-186699
-5341
-717522
247704
65075
653146
113704
454297
-82490
-913389
692658
-242298
-915990
-168994
579024
823450
404958
676587
-881901
-756696
590101
-761369
-990474
216393
454785
306291
285325
-324788
-998018
-381064
-172158
111585
528615
-517206
349260
-553939
-215784
239007
-727012
-134292
-43015
-768228
-442316
997570
-109683
57058
-100520
-886843
-415961
974118
326513
-164304
-904244
485867
-716493
32015
512214
395330
-725776
328391
-216998
484390
712910
-666191
-911648
-885972
-836299
322056
-119675
311507
932121
-992154
-566197
-132347
743090
356449
702212
-487340
180235
-358189
150046
417968
-235454
480013
743251
-397553
203748
-777035
-683718
817305
-224666
753169
-948393
28984
-411767
-524220
-618671
706293
-704538
-47628
6693
-198408
472677
429855
567698
-69886
-326888
-964881
-407442
282085
855066
464953
-428187
-537559
907273
-969562
517125
-252484
364671
887199
-573995
-32792
923786
-663376
568482
-845049
546516
571267
821500
-908754
639680
-184171
572215
-502864
487415
-528807
-886673
301224
-946850
-439879
983553
886881
468557
-843731
875272
231686
696321
126092
-832477
120205
328364
70064
-259812
634712
649177
-849532
-725633
-145654
370866
-856335
-123279
-678093
-957811
-806093
380317
124758
486283
44356
30950
-860324
938362
-836338
179189
-893443
-419292
782331
197326
395352
-366101
-907199
-246800
156841
960511
-431061
732327
-134447
-267936
-425801
-632942
223621
434786
730630
95769
918667
331795
522594
491822
-625269
445852
-110819
204370
-369548
541968
-8833
291792
-854161
650748
-512617
180042
852348
592312
-828918
214565
573028
-902436
314760
-931406
947495
623375
293504
480605
171391
-133291
-527244
-450935
944282
223882
962202
-905219
130159
403955
-279563
-934540
-447983
728518
-540375
-810622
-515159
-50852
-511965
-564417
-483868
-464876
-608837
-825597
867727
368494
-45341
-540076
-880917
-206967
179780
-301139
-211330
437250
-606107
-276398
651221
-351547
-913637
187240
333485
-133984
-672931
-704762
207016
-754569
575465
795877
532578
-500626
-573117
303264
83354
825137
-225470
-990925
-412781
-488920
675334
408623
221713
-449688
-222593
-821238
-560462
617060
959342
786288
981382
384834
742120
-659955
-701305
-653453
-584823
41942
665786
-592119
16438
-564118
81257
-630567
-232170
-904396
-777341
566937
-668369
812745
953723
415003
-317192
888226
800105
883750
994315
-652209
256495
-163034
-915586
531290
-315929
-100278
-598009
154556
-559463
768390
961263
905460
438550
-336710
580442
400166
-15021
-378196
-583482
496172
-273777
834523
506185
-363141
-387366
751458
-24397
-230743
880296
69217
-822364
534920
-895085
-153749
-554547
-58155
-106780
470485
-46368
179048
805573
454603
-620000
-349168
-563182
-830961
743912
675445
-772630
-875504
-871379
513531
-828775
638215
646873
4295
-898912
-156682
581044
314500
104354
532272
-410406
495894
371024
372089
-506279
455974
893073
575242
312608
75862
853925
140751
-545698
9116
482652
-984300
-798628
-699982
-642175
750145
-675759
-397263
250687
335184
-527836
29587
434947
995766
-943692
-318612
883653
376169
-538917
183208
-902066
-781715
391286
-510529
-206945
58487
-256313
-178336
-432284
-97390
-624405
-149165
-600585
504740
-77389
-770427
678527
-240047
-718418
233492
599270
-637209
146947
-3547
772776
-93721
843276
458124
72396
552329
857089
-578133
-408284
-726568
-76958
-546684
-431948
521081
124491
-49126
-776001
811522
-950590
-118590
669764
523532
727322
25508
-811428
-658964
284780
874824
453870
-404989
-522738
-744445
-600540
-285635
725967
922260
-369398
-960189
-73407
291124
-392181
-200570
563873
660551
547579
-730073
-159080
-429248
-935353
-678384
13329
-885019
531471
-240383
-325421
-851739
29871
-374462
951844
-189589
540918
449549
-964708
77831
32114
-343493
605203
871667
-505307
766016
745953
-176137
324152
-369802
-892487
-167623
-412287
14805
-212051
977707
439696
828975
941970
929899
487201
-40816
-758136
-614878
811651
696019
986364
-26539
793136
663262
-50195
528927
88077
-638126
453919
674329
-318966
204557
-327033
-689434
-291201
-717476
581699
714826
972446
-441505
90729
-353875
51722
-741733
-480501
542958
248500
867588
-930876
578767
-760997
-313562
255992
-403208
258640
444270
-190092
779402
889309
119808
905539
-502156
833871
-79759
301242
-377856
-973572
960882
659180
-600740
625078
-483267
-643727
-414347
-752615
-125256
-869986
-774073
588219
-232830
-624903
-812827
993785
531758
833663
155077
-800959
782163
-716854
-168399
-411137
-729347
-208016
275118
-156936
208539
-113377
-765985
-628132
-345574
785360
-195307
-348180
461277
103499
-57898
122967
-734237
-253072
-286378
-117274
-392068
343129
-485648
-734439
-837629
833582
454319
-903130
-468978
-741085
178881
117494
689445
605427
811078
255548
313852
523977
50863
-435108
-856230
626632
-428291
290954
-863692
-932960
44545
921122
625952
-424883
858881
-536068
-17840
712469
841436
587960
-126948
820369
-891533
289740
-55316
110658
86696
75171
24351
-545839
676827
-691130
-69085
-2900
197299
368756
471698
854609
711573
-583848
-34181
845894
844453
-361234
920633
-985524
-147584
261914
621761
-248085
687803
202921
200568
352323
48256
-391535
-652075
-434402
293582
-4252
212064
666459
608232
1785
712475
959299
-570101
-83125
-472570
-383777
136357
940828
-476949
998787
851002
-827532
902987
-16271
24169
651451
-152954
-982090
-349364
-315247
-297126
-364774
-90059
-753954
420929
159228
439673
-374317
893012
-634262
894683
42075
784200
-398825
318988
-82556
24180
-875683
335282
238928
-420509
315259
311227
-144048
-866580
282443
318994
69628
151699
-108970
425262
445213
-740349
778752
-547233
-408354
947813
62371
801229
-191572
-67014
779837
499066
-624
-596087
725318
803235
422648
-217141
-28684
-127942
-303496
73481
-980543
-80939
120902
409582
-424323
-200269
-961441
-235032
759412
-533673
850325
605484
773391
-199983
-983430
-806425
347389
-659951
886867
399845
845659
-467417
-448942
68200
-762264
562747
-745245
998007
347107
730328
304320
101047
87191
830323
613796
-484029
277765
-179469
128813
581117
844362
500787
-544755
-431620
444553
134494
-414547
-106741
295258
-630339
530586
603345
-101057
-97261
280393
-753179
582152
509233
788614
-766376
486616
-948878
-509697
696960
-513578
801939
-393986
407449
-630613
-516262
543049
-647748
856801
-66295
-131907
904686
-717383
-11362
340092
169991
107813
-953191
-392096
-853662
346854
-336735
-316298
-195856
-472048
-698610
929462
693086
316922
-251491
-134191
-830055
194079
145032
979253
-100981
360485
-554292
-54667
-429857
-209287
524631
760361
-873189
839412
845489
230755
417111
-939465
161392
374423
-459199
-3658
-481016
-808124
771293
501825
-690569
910421
-920950
-901291
352608
237623
863621
743403
-969310
554358
964277
602383
1259
-710204
-946427
-719830
-961598
46413
-659602
-366620
-770649
827336
-287993
931218
-165339
109602
483481
-908251
195023
-682587
346856
421421
841766
686401
-331155
-966466
-153188
508242
-612530
-898086
384
-267459
586842
-98146
-131655
153443
198854
773955
-626926
347488
-684369
-577864
-903355
859676
615548
714848
-162897
-491451
-923882
-910831
-843611
428685
22943
-980493
-740788
-206990
247197
-586557
128568
199047
-115156
-380673
755647
-186952
-548202
706829
35116
-858751
-110113
-162857
831350
-899535
-784978
959901
-669196
-943151
-677817
-310776
455602
-488140
305533
319164
341365
-511025
17113
-469029
-314368
214896
7147
825400
-59325
-778914
180137
128197
-86852
639850
335877
645246
-647518
-566350
-944741
-525716
467385
704397
966679
-765731
-571126
634598
-576906
-15490
-320048
444099
842100
-163094
489308
-315850
-584331
625044
-558362
-168111
228354
-13469
-1244
942232
15870
612981
522369
486710
-128974
-431328
427345
572826
-786701
524616
-998040
-647813
869292
660632
252526
-800823
-634422
-883328
-561707
-990962
88471
226873
995783
743536
809150
-332213
740184
-378204
-574041
-108997
586974
331307
477467
-521664
-919779
-241593
-81082
-94677
-759212
588830
-726280
-413901
180400
237654
-62323
694196
390665
-881813
-718896
-767873
967053
2901
-795413
-656850
-483429
92289
394213
-346029
-460989
-212716
-131276
754746
-834904
872563
462789
400675
525224
-647010
-817787
411174
-94912
289608
-935662
786893
404142
-362912
815456
64844
-265263
690152
159326
-133144
-552819
-529765
-554116
981345
411875
-332969
350712
-746303
-414205
735080
117580
-69120
-448369
-293276
-639696
982406
-977163
-546328
744670
695673
183410
-273517
-661970
993539
-24461
-176153
290846
-677531
-11701
893114
-403893
755843
330534
-152347
216887
629306
-632291
995617
197356
505638
-682025
-784479
-573506
857128
219426
269372
-216372
875290
-356419
691988
-930734
-484195
-658854
-699793
-9038
342065
421642
463184
406332
-358641
931190
271848
880211
-906545
810481
534304
-922738
510575
-592021
-537334
278836
579995
-664360
-927281
-634752
158258
-962404
26985
-894784
-117468
-657937
-851860
-400110
250102
860782
-163616
495569
-144694
-344460
274516
-657697
978195
-122717
-573648
-657584
-508113
639651
966625
-118318
-76215
658582
-821430
-272114
970060
-715688
-153968
-240754
-162469
724238
-526675
-810830
-958914
122353
-982723
-409366
972700
-77568
-567277
202790
395872
-262006
-813082
711203
-215670
175243
354082
849182
784190
-298054
-377969
8532
-36370
-892945
282135
435028
566056
696254
-512939
-847943
-519114
-990515
695322
-139059
-733283
-370377
-966793
-664729
-855164
50941
-554444
624448
163765
917971
872671
574825
985806
-141765
-50552
-500435
5963
-903037
-112678
337016
-112538
-288827
254628
944209
174469
-201337
882303
747119
-381473
-511303
414771
644316
-644259
561704
-884092
-624691
550831
-2908
-357912
463989
540627
-663497
-2967
687190
-688954
-378797
536048
-808167
-10704
-688968
572672
-628569
-556379
-957137
631029
-358038
-182420
65998
580546
-433530
-217816
-476568
-657616
-394145
-711752
-370987
950810
118214
-615629
932889
-121660
496049
861903
216154
114358
-122219
-586976
963226
-564645
-983968
886898
-669037
-826631
-643346
296104
-951554
599532
-412445
335807
-480870
916949
-468509
895869
-204361
769910
-824222
93525
-819662
4194
105271
-387421
-59948
-777257
752546
690768
431788
-565393
514831
346375
286065
643176
58170
700588
628919
702462
-777367
-745677
-598866
-233967
-688779
-624605
362321
-61857
-360426
548185
-446368
-207990
168241
-679134
14779
996353
533995
199797
631019
-279131
303325
810775
-861525
47834
963123
-220734
-23196
585406
-894563
866814
-67049
573075
303066
-545335
-898174
94418
-1212
998255
354278
-840146
-479350
-928731
-761504
78054
-113170
125622
207379
-570331
845441
209458
569137
-210767
250849
619349
863349
-412890
59729
827840
321215
-686415
234898
174638
-631052
708743
-215808
-640761
838555
-60460
-83323
95839
277071
-639785
713070
-821672
589082
-155931
846628
-670226
-836251
-414259
97057
-919838
-271977
654066
674059
-496817
-273310
-423925
-308403
-649776
220616
951507
-330834
408523
-118967
-22662
181437
-40437
-217248
616791
585470
-199973
-807098
678914
263407
-885794
380475
-185282
769563
-361317
551059
-972875
-167249
-71208
230960
-589293
893881
772516
-13570
851964
-926082
-879040
38533
-528309
368202
416056
-127988
153602
-240735
81950
303714
827296
464579
56320
14906
711454
-819358
313270
233739
-114864
-470477
629876
-547915
433750
525055
-454516
-188633
888990
-630906
256529
-148741
-757752
-380937
-603981
-102088
-307422
568192
-319027
560933
405334
-548014
-658345
-761183
-676551
-431954
681420
741732
371591
112450
-592856
-16885
-139629
-814072
600405
331806
-878793
752135
-616744
834593
114669
747577
-898795
-946458
165290
828782
8385
865275
-594276
-851901
-587145
-859981
-279109
832379
452128
-767834
-774132
-602055
580872
830866
-361302
16722
50374
27526
-702372
443530
816793
725740
-130245
-950373
-629112
105324
-142585
-428279
-745676
879278
-688647
-718802
-256116
323647
-337149
-374858
525467
674745
-339845
-378169
220707
446421
885067
765662
551179
820773
-897771
295396
345114
155559
-105085
-600139
422348
-940161
780643
-852155
253983
326026
749484
508109
-607125
443519
812547
-247932
621723
-948689
-639978
422952
-377033
376230
927075
322483
-637967
-571240
-489086
677671
-653302
452775
-692550
-643883
685008
790165
-607432
460123
-341403
-321087
-438701
76010
-685316
650307
977129
61715
959086
766843
-752315
-854518
737513
353092
-152018
-767243
310850
-431959
-756171
-475762
710954
774667
-23783
-712852
418546
376344
-458232
-661988
748278
-874195
690426
800720
577003
260033
-522651
-53888
686706
310974
762295
-476768
-557176
-639479
-70090
882856
-839775
1080
3489
918523
-541687
-945843
-756924
-104264
489506
956139
-426686
664020
970434
-741861
-832571
-939422
-469029
401587
215486
175556
324420
-99787
758135
-254035
640281
239603
-918857
808404
-264255
-713901
694339
-123800
149399
833935
143350
662846
-702041
-4262
-728614
-718880
716615
-399961
-139687
567062
629589
803194
-509953
884777
-732415
48714
-682232
-981373
566540
-261716
-414500
-994315
-807104
459733
-394507
-753906
-476038
808070
-598932
889016
-653480
-785535
925945
-636481
993254
835149
-827575
420710
988472
198640
163000
161260
304631
-103631
-684962
-677503
644169
211910
-629754
-558297
-843538
799230
642042
513280
705032
566965
-462466
696270
840083
-866085
584047
-491887
-126964
-6573
735607
-268779
-621114
-974133
-16664
-743696
-523343
-927469
-725208
265572
283417
223313
-465801
-723446
698005
-910507
472065
-124487
-380807
-452011
42050
566279
-158658
975858
837682
-997846
271590
623155
352340
844517
170247
656851
559837
794397
-281659
181116
-34941
-539314
-769114
656454
-128933
287396
205388
-971208
-830146
806938
921143
-952807
-981752
494239
-593299
899567
-836073
-493052
-907224
314020
281463
-363207
86882
-963250
-749848
-78366
-737685
-180642
-823712
-841339
-367236
467040
86753
-983757
57333
961558
-700404
-2740
-299989
-926521
-508767
-219082
819324
-906233
855053
-826431
-530489
-438662
725387
226290
317484
-40405
-555974
-256442
111120
-864062
489286
-833820
598389
361954
888494
328468
-827112
-470222
170191
-531658
-214279
16884
-111392
-846727
565882
629676
-233438
206174
-652725
-184922
-903312
-427550
337211
-160641
-552059
-231570
963211
-398878
366407
-846051
-385425
-389478
-4418
-331078
412587
325277
-929019
626721
-989793
108038
911964
450882
75273
480227
568004
-769959
967620
-782840
121665
-838572
-991233
-666215
716179
-460226
-894954
722284
-70227
-839812
-329917
-734279
683525
184824
642600
-438229
854453
-692830
-440221
-315707
445894
54208
-345595
522977
-621574
-104712
-701471
-175437
965435
902364
457891
-564825
-61864
280156
-73075
192883
-560086
-907919
-72779
213399
340090
-473697
-698379
326280
347020
55394
411393
7087
-139434
764148
620619
860621
759827
-187579
915757
588175
190471
654039
851910
-485329
516724
399326
-889767
774360
919810
815456
-370476
-676762
73067
-132905
-587675
218825
56794
269281
526080
499479
959020
34123
-780948
107922
-344518
-657805
538770
426799
23172
-978734
-396711
393739
221436
-657074
394633
-846820
800620
47550
434099
-455479
36190
-211155
580699
-19747
-319170
-902118
-203998
167325
-882919
495570
-375853
-671191
-585127
522995
803110
339346
-392605
299603
49261
-12054
597327
867123
-970453
-586785
-888528
954719
-651050
-536818
-332768
-955361
417199
591120
966582
-279250
-450177
-964748
-318632
-60713
-840710
962021
887501
-340531
-490373
-129379
-277521
872124
-955031
-770220
-214685
-648768
-32332
53048
-153900
-964092
-360221
375359
411683
-10449
-517137
939926
905582
-622408
-462114
-204286
-185420
-906860
286147
504856
611137
875974
-896954
-716401
-401167
138473
-641501
668193
-598408
-101074
500370
42284
-280826
803404
-722789
-636079
779671
-691502
-916308
-445340
-495143
290790
910630
-456971
431172
-829321
-31215
338196
876297
-150157
582348
-105430
756888
-83501
437677
528256
-63737
-612837
61182
614552
60816
476752
457437
237828
-734189
392859
-688188
-198037
895236
-185874
-173858
573615
880874
528612
-642755
-831861
879308
312929
-640260
-540236
-575408
240885
-147824
488712
937311
921309
480816
-692150
-415005
-958025
683433
-904422
-856851
529302
-657323
256464
540641
109984
-81937
911145
341884
-534137
343776
982279
216841
-345699
929185
126923
-742670
-861804
-181028
981349
906215
722780
290938
908232
-486571
191714
-975959
-27409
269541
444864
-985399
-333160
458607
451706
-705105
605250
272076
119513
-12735
-210681
-728416
-507618
-269991
-998827
-496116
-622710
-640949
592486
48431
-804260
-352656
777728
-883019
-842182
-58259
388500
586446
628893
-184365
-846680
-91054
-864153
382724
615551
282486
214547
-988837
-227215
-850594
-380342
-510918
475612
809655
-897311
-702361
-205527
-167529
424702
48117
-16933
614318
-983175
879085
-677517
-987757
710140
-797880
-727668
-675795
955277
-560496
-914378
-716189
-948750
823090
115044
-136307
102679
-941736
687415
356252
371784
-252180
-996447
-550355
417535
958985
813171
402911
872251
721956
822398
-338393
819106
850577
-986711
-554439
-26741
-333880
-698145
-910923
-2140
469763
450925
-732032
881928
743927
95396
-737502
163685
-651847
955109
217851
-381291
70517
307984
-851175
-920354
-480851
-923259
-400711
85031
89547
-953082
369731
942012
-739488
274489
610816
-65652
-778059
149909
929800
403923
461657
-532754
-284203
-271711
388039
-520533
37120
595246
746409
-954197
-780871
-46232
684497
45685
452777
-578043
-142966
-464395
656032
-617505
-738928
837689
-913787
709440

