-419577
130684
-556978
-793940
-211197
-444871
674683
-95439
227086
-457636
312376
738751
69141
909535
-113505
654021
-513765
350272
972435
517058
20951
-28123
-782732
-776483
113053
111337
-933777
390242
159125
-108562
-650882
923932
-44346
273834
341657
-667838
921464
-420591
383550
-892008
543190
-873876
-300594
708194
-69206
490474
424221
-793406
930036
876895
-801475
212324
-953859
341563
979545
664675
-383330
-867315
520507
693277
662303
987130
-570107
410000
-852025
-268007
329176
302300
-138384
-279891
-415839
589561
841634
-315058
827003
-577327
-196386
661563
379572
-103220
129217
-655340
475396
529795
-218239
634191
510153
808116
47475
982249
-462355
724904
703042
-300775
153130
107528
-824821
-196407
-46761
753699
