990171
-643468
354698
-313508
-967804
-729803
185847
-738997
587953
542941
11573
535468
731046
-206845
457422
-251910
-885029
533527
-354779
-977897
-396403
-806952
66169
-627206
-59443
614000
258626
920273
511423
-83127
206762
676981
674853
540516
-571579
-26259
-291172
-539674
-258312
-712781
-955249
-29365
794470
-891889
-780156
438908
-342336
507517
109049
191134
-57933
-208864
-796562
879959
-850503
-150043
198109
373482
-128360
95742
138992
165491
905487
96968
-899127
832458
74273
909541
-154745
-971395
581083
343859
-630400
-115431
-838417
688323
-112892
860237
643135
696496
762064
283604
-461089
895789
500030
212452
-71158
-576490
-963633
-477742
836126
999430
124385
161610
-880962
-951070
-91988
-861723
312176
657564
