-568279
784242
933256
920492
727285
-399329
247951
-250521
-877171
-796074
673598
445575
935667
-22460
722749
205136
979634
-839353
172804
621626
817118
-701402
858116
-75944
-965790
709691
641668
820371
849774
593543
433689
731699
-363365
-382108
-457486
-166261
749379
203009
-187497
-964848
95898
864394
-641913
-242871
780735
-948014
806088
750950
-481775
184567
-763293
-956552
438886
759941
-859640
-532071
559944
89740
-675967
133284
590766
-587385
853697
-460907
-503067
-347860
820915
519770
924565
-909988
84050
157594
376291
426666
-625004
-797140
-573714
-416965
-481903
-161343
852732
-895671
353531
754892
-956992
42756
521629
-552927
-962376
-134325
371218
182214
80130
-887801
-910441
-488803
-275508
920761
-786786
-432430
