965135
-947862
-508272
374292
-662090
-63735
-920665
-580193
764477
-819934
-468664
-548487
567548
880
671998
-684588
-141536
-538560
-829116
-681307
-373127
-444368
-56843
413396
969605
-254553
-215413
673312
-845399
-848354
629394
8658
-161289
-118414
802542
-508697
-712578
223506
317519
60938
-330366
-468681
-74896
-417926
-949678
-546700
807695
78454
36695
-3816
438578
-523295
837655
265786
-168219
616598
-665830
745285
50050
-377156
-412610
-186746
166154
-750264
-38859
575102
670086
-312979
532150
-842903
-766082
962316
853824
444644
-870851
-333830
534342
770752
-633857
-699651
294896
-299489
407602
786779
-832015
-566116
876672
-626864
-770189
888293
-130911
799874
100091
-97852
61084
700384
877877
125854
-250727
114279
