-723027
-154709
768330
-682849
-45658
-212769
-506006
-234989
-924091
-447523
-127525
-604678
991655
-770627
-164878
-27177
539699
888556
738899
-379226
-548751
849261
614260
764360
95911
-434640
876040
991242
-758688
462002
-845972
-875203
-571314
-562758
-957866
-100106
-771055
-137469
592263
76221
-710108
735453
-798406
66028
287530
-922345
-341016
-600929
556711
629447
679370
-728094
-763051
326634
-903109
-279891
91587
944180
548901
730261
103386
406054
994529
-242925
-638136
369313
413465
-871423
-541794
-487570
-175697
407783
785447
-552686
-283070
245067
980534
293230
344584
-359163
-762
848234
863765
657195
29983
349193
-37480
-560799
-403638
-427180
277996
-661935
205948
-281044
-434714
892687
633384
428078
-680818
-646274
